
     NNODE  1002
      NDIM    2
   NDOFMAX    1
       FROM    1   TO  1002 STEP    1 NDDL    1
   END_NDDL
    NCORES           1
  TEMPERAT
      TETA        0.9
  TINITIAL       20.0
MAKE.TEM
 NORENUM
      NMAT 1
  ELEMENTS
     SOLID   500
        NG    2
     NVOID     0
  END_ELEM
     NODES
      NODE     1     0.0100     0.0000
      NODE     2     0.0100     0.0010
      NODE     3     0.0100     0.0020
      NODE     4     0.0100     0.0030
      NODE     5     0.0100     0.0040
      NODE     6     0.0100     0.0050
      NODE     7     0.0100     0.0060
      NODE     8     0.0100     0.0070
      NODE     9     0.0100     0.0080
      NODE    10     0.0100     0.0090
      NODE    11     0.0000     0.0000
      NODE    12     0.0100     0.0100
      NODE    13     0.0000     0.0010
      NODE    14     0.0000     0.0020
      NODE    15     0.0000     0.0030
      NODE    16     0.0000     0.0040
      NODE    17     0.0100     0.0110
      NODE    18     0.0000     0.0050
      NODE    19     0.0000     0.0060
      NODE    20     0.0100     0.0120
      NODE    21     0.0000     0.0070
      NODE    22     0.0000     0.0080
      NODE    23     0.0100     0.0130
      NODE    24     0.0000     0.0090
      NODE    25     0.0100     0.0140
      NODE    26     0.0000     0.0100
      NODE    27     0.0000     0.0110
      NODE    28     0.0100     0.0150
      NODE    29     0.0000     0.0120
      NODE    30     0.0100     0.0160
      NODE    31     0.0000     0.0130
      NODE    32     0.0100     0.0170
      NODE    33     0.0000     0.0140
      NODE    34     0.0100     0.0180
      NODE    35     0.0000     0.0150
      NODE    36     0.0000     0.0160
      NODE    37     0.0100     0.0190
      NODE    38     0.0000     0.0170
      NODE    39     0.0100     0.0200
      NODE    40     0.0000     0.0180
      NODE    41     0.0100     0.0210
      NODE    42     0.0000     0.0190
      NODE    43     0.0100     0.0220
      NODE    44     0.0000     0.0200
      NODE    45     0.0100     0.0230
      NODE    46     0.0000     0.0210
      NODE    47     0.0100     0.0240
      NODE    48     0.0000     0.0220
      NODE    49     0.0100     0.0250
      NODE    50     0.0000     0.0230
      NODE    51     0.0100     0.0260
      NODE    52     0.0000     0.0240
      NODE    53     0.0000     0.0250
      NODE    54     0.0100     0.0270
      NODE    55     0.0000     0.0260
      NODE    56     0.0100     0.0280
      NODE    57     0.0000     0.0270
      NODE    58     0.0100     0.0290
      NODE    59     0.0000     0.0280
      NODE    60     0.0100     0.0300
      NODE    61     0.0000     0.0290
      NODE    62     0.0100     0.0310
      NODE    63     0.0000     0.0300
      NODE    64     0.0100     0.0320
      NODE    65     0.0000     0.0310
      NODE    66     0.0100     0.0330
      NODE    67     0.0000     0.0320
      NODE    68     0.0100     0.0340
      NODE    69     0.0000     0.0330
      NODE    70     0.0100     0.0350
      NODE    71     0.0000     0.0340
      NODE    72     0.0100     0.0360
      NODE    73     0.0000     0.0350
      NODE    74     0.0100     0.0370
      NODE    75     0.0000     0.0360
      NODE    76     0.0100     0.0380
      NODE    77     0.0000     0.0370
      NODE    78     0.0100     0.0390
      NODE    79     0.0000     0.0380
      NODE    80     0.0100     0.0400
      NODE    81     0.0000     0.0390
      NODE    82     0.0100     0.0410
      NODE    83     0.0000     0.0400
      NODE    84     0.0100     0.0420
      NODE    85     0.0000     0.0410
      NODE    86     0.0100     0.0430
      NODE    87     0.0000     0.0420
      NODE    88     0.0100     0.0440
      NODE    89     0.0000     0.0430
      NODE    90     0.0100     0.0450
      NODE    91     0.0000     0.0440
      NODE    92     0.0100     0.0460
      NODE    93     0.0000     0.0450
      NODE    94     0.0100     0.0470
      NODE    95     0.0000     0.0460
      NODE    96     0.0100     0.0480
      NODE    97     0.0000     0.0470
      NODE    98     0.0100     0.0490
      NODE    99     0.0000     0.0480
      NODE   100     0.0100     0.0500
      NODE   101     0.0000     0.0490
      NODE   102     0.0000     0.0500
      NODE   103     0.0100     0.0510
      NODE   104     0.0000     0.0510
      NODE   105     0.0100     0.0520
      NODE   106     0.0000     0.0520
      NODE   107     0.0100     0.0530
      NODE   108     0.0000     0.0530
      NODE   109     0.0100     0.0540
      NODE   110     0.0000     0.0540
      NODE   111     0.0100     0.0550
      NODE   112     0.0000     0.0550
      NODE   113     0.0100     0.0560
      NODE   114     0.0000     0.0560
      NODE   115     0.0100     0.0570
      NODE   116     0.0000     0.0570
      NODE   117     0.0100     0.0580
      NODE   118     0.0000     0.0580
      NODE   119     0.0100     0.0590
      NODE   120     0.0000     0.0590
      NODE   121     0.0100     0.0600
      NODE   122     0.0000     0.0600
      NODE   123     0.0100     0.0610
      NODE   124     0.0000     0.0610
      NODE   125     0.0100     0.0620
      NODE   126     0.0000     0.0620
      NODE   127     0.0100     0.0630
      NODE   128     0.0000     0.0630
      NODE   129     0.0100     0.0640
      NODE   130     0.0000     0.0640
      NODE   131     0.0100     0.0650
      NODE   132     0.0000     0.0650
      NODE   133     0.0100     0.0660
      NODE   134     0.0000     0.0660
      NODE   135     0.0100     0.0670
      NODE   136     0.0000     0.0670
      NODE   137     0.0100     0.0680
      NODE   138     0.0000     0.0680
      NODE   139     0.0100     0.0690
      NODE   140     0.0000     0.0690
      NODE   141     0.0100     0.0700
      NODE   142     0.0000     0.0700
      NODE   143     0.0100     0.0710
      NODE   144     0.0000     0.0710
      NODE   145     0.0100     0.0720
      NODE   146     0.0000     0.0720
      NODE   147     0.0100     0.0730
      NODE   148     0.0000     0.0730
      NODE   149     0.0100     0.0740
      NODE   150     0.0000     0.0740
      NODE   151     0.0100     0.0750
      NODE   152     0.0000     0.0750
      NODE   153     0.0100     0.0760
      NODE   154     0.0000     0.0760
      NODE   155     0.0100     0.0770
      NODE   156     0.0000     0.0770
      NODE   157     0.0100     0.0780
      NODE   158     0.0000     0.0780
      NODE   159     0.0100     0.0790
      NODE   160     0.0000     0.0790
      NODE   161     0.0100     0.0800
      NODE   162     0.0000     0.0800
      NODE   163     0.0100     0.0810
      NODE   164     0.0000     0.0810
      NODE   165     0.0100     0.0820
      NODE   166     0.0000     0.0820
      NODE   167     0.0100     0.0830
      NODE   168     0.0000     0.0830
      NODE   169     0.0100     0.0840
      NODE   170     0.0000     0.0840
      NODE   171     0.0100     0.0850
      NODE   172     0.0000     0.0850
      NODE   173     0.0100     0.0860
      NODE   174     0.0000     0.0860
      NODE   175     0.0100     0.0870
      NODE   176     0.0000     0.0870
      NODE   177     0.0100     0.0880
      NODE   178     0.0000     0.0880
      NODE   179     0.0100     0.0890
      NODE   180     0.0000     0.0890
      NODE   181     0.0100     0.0900
      NODE   182     0.0000     0.0900
      NODE   183     0.0100     0.0910
      NODE   184     0.0000     0.0910
      NODE   185     0.0100     0.0920
      NODE   186     0.0000     0.0920
      NODE   187     0.0100     0.0930
      NODE   188     0.0000     0.0930
      NODE   189     0.0100     0.0940
      NODE   190     0.0000     0.0940
      NODE   191     0.0100     0.0950
      NODE   192     0.0000     0.0950
      NODE   193     0.0100     0.0960
      NODE   194     0.0000     0.0960
      NODE   195     0.0100     0.0970
      NODE   196     0.0000     0.0970
      NODE   197     0.0100     0.0980
      NODE   198     0.0000     0.0980
      NODE   199     0.0100     0.0990
      NODE   200     0.0000     0.0990
      NODE   201     0.0100     0.1000
      NODE   202     0.0000     0.1000
      NODE   203     0.0100     0.1010
      NODE   204     0.0000     0.1010
      NODE   205     0.0100     0.1020
      NODE   206     0.0000     0.1020
      NODE   207     0.0100     0.1030
      NODE   208     0.0000     0.1030
      NODE   209     0.0100     0.1040
      NODE   210     0.0000     0.1040
      NODE   211     0.0100     0.1050
      NODE   212     0.0000     0.1050
      NODE   213     0.0100     0.1060
      NODE   214     0.0000     0.1060
      NODE   215     0.0100     0.1070
      NODE   216     0.0000     0.1070
      NODE   217     0.0100     0.1080
      NODE   218     0.0000     0.1080
      NODE   219     0.0100     0.1090
      NODE   220     0.0000     0.1090
      NODE   221     0.0100     0.1100
      NODE   222     0.0000     0.1100
      NODE   223     0.0100     0.1110
      NODE   224     0.0000     0.1110
      NODE   225     0.0100     0.1120
      NODE   226     0.0000     0.1120
      NODE   227     0.0100     0.1130
      NODE   228     0.0000     0.1130
      NODE   229     0.0100     0.1140
      NODE   230     0.0000     0.1140
      NODE   231     0.0100     0.1150
      NODE   232     0.0000     0.1150
      NODE   233     0.0100     0.1160
      NODE   234     0.0000     0.1160
      NODE   235     0.0100     0.1170
      NODE   236     0.0000     0.1170
      NODE   237     0.0100     0.1180
      NODE   238     0.0000     0.1180
      NODE   239     0.0100     0.1190
      NODE   240     0.0000     0.1190
      NODE   241     0.0100     0.1200
      NODE   242     0.0000     0.1200
      NODE   243     0.0100     0.1210
      NODE   244     0.0000     0.1210
      NODE   245     0.0100     0.1220
      NODE   246     0.0000     0.1220
      NODE   247     0.0100     0.1230
      NODE   248     0.0000     0.1230
      NODE   249     0.0100     0.1240
      NODE   250     0.0000     0.1240
      NODE   251     0.0100     0.1250
      NODE   252     0.0000     0.1250
      NODE   253     0.0100     0.1260
      NODE   254     0.0000     0.1260
      NODE   255     0.0100     0.1270
      NODE   256     0.0000     0.1270
      NODE   257     0.0100     0.1280
      NODE   258     0.0000     0.1280
      NODE   259     0.0100     0.1290
      NODE   260     0.0000     0.1290
      NODE   261     0.0100     0.1300
      NODE   262     0.0000     0.1300
      NODE   263     0.0100     0.1310
      NODE   264     0.0000     0.1310
      NODE   265     0.0100     0.1320
      NODE   266     0.0000     0.1320
      NODE   267     0.0100     0.1330
      NODE   268     0.0000     0.1330
      NODE   269     0.0100     0.1340
      NODE   270     0.0000     0.1340
      NODE   271     0.0100     0.1350
      NODE   272     0.0000     0.1350
      NODE   273     0.0100     0.1360
      NODE   274     0.0000     0.1360
      NODE   275     0.0100     0.1370
      NODE   276     0.0000     0.1370
      NODE   277     0.0100     0.1380
      NODE   278     0.0000     0.1380
      NODE   279     0.0100     0.1390
      NODE   280     0.0000     0.1390
      NODE   281     0.0100     0.1400
      NODE   282     0.0000     0.1400
      NODE   283     0.0100     0.1410
      NODE   284     0.0000     0.1410
      NODE   285     0.0100     0.1420
      NODE   286     0.0000     0.1420
      NODE   287     0.0100     0.1430
      NODE   288     0.0000     0.1430
      NODE   289     0.0100     0.1440
      NODE   290     0.0000     0.1440
      NODE   291     0.0100     0.1450
      NODE   292     0.0000     0.1450
      NODE   293     0.0100     0.1460
      NODE   294     0.0000     0.1460
      NODE   295     0.0100     0.1470
      NODE   296     0.0000     0.1470
      NODE   297     0.0100     0.1480
      NODE   298     0.0000     0.1480
      NODE   299     0.0100     0.1490
      NODE   300     0.0000     0.1490
      NODE   301     0.0100     0.1500
      NODE   302     0.0000     0.1500
      NODE   303     0.0100     0.1510
      NODE   304     0.0000     0.1510
      NODE   305     0.0100     0.1520
      NODE   306     0.0000     0.1520
      NODE   307     0.0100     0.1530
      NODE   308     0.0000     0.1530
      NODE   309     0.0100     0.1540
      NODE   310     0.0000     0.1540
      NODE   311     0.0100     0.1550
      NODE   312     0.0000     0.1550
      NODE   313     0.0100     0.1560
      NODE   314     0.0000     0.1560
      NODE   315     0.0100     0.1570
      NODE   316     0.0000     0.1570
      NODE   317     0.0100     0.1580
      NODE   318     0.0000     0.1580
      NODE   319     0.0100     0.1590
      NODE   320     0.0000     0.1590
      NODE   321     0.0100     0.1600
      NODE   322     0.0000     0.1600
      NODE   323     0.0100     0.1610
      NODE   324     0.0000     0.1610
      NODE   325     0.0100     0.1620
      NODE   326     0.0000     0.1620
      NODE   327     0.0100     0.1630
      NODE   328     0.0000     0.1630
      NODE   329     0.0100     0.1640
      NODE   330     0.0000     0.1640
      NODE   331     0.0100     0.1650
      NODE   332     0.0000     0.1650
      NODE   333     0.0100     0.1660
      NODE   334     0.0000     0.1660
      NODE   335     0.0100     0.1670
      NODE   336     0.0000     0.1670
      NODE   337     0.0100     0.1680
      NODE   338     0.0000     0.1680
      NODE   339     0.0100     0.1690
      NODE   340     0.0000     0.1690
      NODE   341     0.0100     0.1700
      NODE   342     0.0000     0.1700
      NODE   343     0.0100     0.1710
      NODE   344     0.0000     0.1710
      NODE   345     0.0100     0.1720
      NODE   346     0.0000     0.1720
      NODE   347     0.0100     0.1730
      NODE   348     0.0000     0.1730
      NODE   349     0.0100     0.1740
      NODE   350     0.0000     0.1740
      NODE   351     0.0100     0.1750
      NODE   352     0.0000     0.1750
      NODE   353     0.0100     0.1760
      NODE   354     0.0000     0.1760
      NODE   355     0.0100     0.1770
      NODE   356     0.0000     0.1770
      NODE   357     0.0100     0.1780
      NODE   358     0.0000     0.1780
      NODE   359     0.0100     0.1790
      NODE   360     0.0000     0.1790
      NODE   361     0.0100     0.1800
      NODE   362     0.0000     0.1800
      NODE   363     0.0100     0.1810
      NODE   364     0.0000     0.1810
      NODE   365     0.0100     0.1820
      NODE   366     0.0000     0.1820
      NODE   367     0.0100     0.1830
      NODE   368     0.0000     0.1830
      NODE   369     0.0100     0.1840
      NODE   370     0.0000     0.1840
      NODE   371     0.0100     0.1850
      NODE   372     0.0000     0.1850
      NODE   373     0.0100     0.1860
      NODE   374     0.0000     0.1860
      NODE   375     0.0100     0.1870
      NODE   376     0.0000     0.1870
      NODE   377     0.0100     0.1880
      NODE   378     0.0000     0.1880
      NODE   379     0.0100     0.1890
      NODE   380     0.0000     0.1890
      NODE   381     0.0100     0.1900
      NODE   382     0.0000     0.1900
      NODE   383     0.0100     0.1910
      NODE   384     0.0000     0.1910
      NODE   385     0.0100     0.1920
      NODE   386     0.0000     0.1920
      NODE   387     0.0100     0.1930
      NODE   388     0.0000     0.1930
      NODE   389     0.0100     0.1940
      NODE   390     0.0000     0.1940
      NODE   391     0.0100     0.1950
      NODE   392     0.0000     0.1950
      NODE   393     0.0100     0.1960
      NODE   394     0.0000     0.1960
      NODE   395     0.0100     0.1970
      NODE   396     0.0000     0.1970
      NODE   397     0.0100     0.1980
      NODE   398     0.0000     0.1980
      NODE   399     0.0100     0.1990
      NODE   400     0.0000     0.1990
      NODE   401     0.0100     0.2000
      NODE   402     0.0000     0.2000
      NODE   403     0.0100     0.2010
      NODE   404     0.0000     0.2010
      NODE   405     0.0100     0.2020
      NODE   406     0.0000     0.2020
      NODE   407     0.0100     0.2030
      NODE   408     0.0000     0.2030
      NODE   409     0.0100     0.2040
      NODE   410     0.0000     0.2040
      NODE   411     0.0100     0.2050
      NODE   412     0.0000     0.2050
      NODE   413     0.0100     0.2060
      NODE   414     0.0000     0.2060
      NODE   415     0.0100     0.2070
      NODE   416     0.0000     0.2070
      NODE   417     0.0100     0.2080
      NODE   418     0.0000     0.2080
      NODE   419     0.0100     0.2090
      NODE   420     0.0000     0.2090
      NODE   421     0.0100     0.2100
      NODE   422     0.0000     0.2100
      NODE   423     0.0100     0.2110
      NODE   424     0.0000     0.2110
      NODE   425     0.0100     0.2120
      NODE   426     0.0000     0.2120
      NODE   427     0.0100     0.2130
      NODE   428     0.0000     0.2130
      NODE   429     0.0100     0.2140
      NODE   430     0.0000     0.2140
      NODE   431     0.0100     0.2150
      NODE   432     0.0000     0.2150
      NODE   433     0.0100     0.2160
      NODE   434     0.0000     0.2160
      NODE   435     0.0100     0.2170
      NODE   436     0.0000     0.2170
      NODE   437     0.0100     0.2180
      NODE   438     0.0000     0.2180
      NODE   439     0.0100     0.2190
      NODE   440     0.0000     0.2190
      NODE   441     0.0100     0.2200
      NODE   442     0.0000     0.2200
      NODE   443     0.0100     0.2210
      NODE   444     0.0000     0.2210
      NODE   445     0.0100     0.2220
      NODE   446     0.0000     0.2220
      NODE   447     0.0100     0.2230
      NODE   448     0.0000     0.2230
      NODE   449     0.0100     0.2240
      NODE   450     0.0000     0.2240
      NODE   451     0.0100     0.2250
      NODE   452     0.0000     0.2250
      NODE   453     0.0100     0.2260
      NODE   454     0.0000     0.2260
      NODE   455     0.0100     0.2270
      NODE   456     0.0000     0.2270
      NODE   457     0.0100     0.2280
      NODE   458     0.0000     0.2280
      NODE   459     0.0100     0.2290
      NODE   460     0.0000     0.2290
      NODE   461     0.0100     0.2300
      NODE   462     0.0000     0.2300
      NODE   463     0.0100     0.2310
      NODE   464     0.0000     0.2310
      NODE   465     0.0100     0.2320
      NODE   466     0.0000     0.2320
      NODE   467     0.0100     0.2330
      NODE   468     0.0000     0.2330
      NODE   469     0.0100     0.2340
      NODE   470     0.0000     0.2340
      NODE   471     0.0100     0.2350
      NODE   472     0.0000     0.2350
      NODE   473     0.0100     0.2360
      NODE   474     0.0000     0.2360
      NODE   475     0.0100     0.2370
      NODE   476     0.0000     0.2370
      NODE   477     0.0100     0.2380
      NODE   478     0.0000     0.2380
      NODE   479     0.0100     0.2390
      NODE   480     0.0000     0.2390
      NODE   481     0.0100     0.2400
      NODE   482     0.0000     0.2400
      NODE   483     0.0100     0.2410
      NODE   484     0.0000     0.2410
      NODE   485     0.0100     0.2420
      NODE   486     0.0000     0.2420
      NODE   487     0.0100     0.2430
      NODE   488     0.0000     0.2430
      NODE   489     0.0100     0.2440
      NODE   490     0.0000     0.2440
      NODE   491     0.0100     0.2450
      NODE   492     0.0000     0.2450
      NODE   493     0.0100     0.2460
      NODE   494     0.0000     0.2460
      NODE   495     0.0100     0.2470
      NODE   496     0.0000     0.2470
      NODE   497     0.0100     0.2480
      NODE   498     0.0000     0.2480
      NODE   499     0.0100     0.2490
      NODE   500     0.0000     0.2490
      NODE   501     0.0100     0.2500
      NODE   502     0.0000     0.2500
      NODE   503     0.0100     0.2510
      NODE   504     0.0000     0.2510
      NODE   505     0.0100     0.2520
      NODE   506     0.0000     0.2520
      NODE   507     0.0100     0.2530
      NODE   508     0.0000     0.2530
      NODE   509     0.0100     0.2540
      NODE   510     0.0000     0.2540
      NODE   511     0.0100     0.2550
      NODE   512     0.0000     0.2550
      NODE   513     0.0100     0.2560
      NODE   514     0.0000     0.2560
      NODE   515     0.0100     0.2570
      NODE   516     0.0000     0.2570
      NODE   517     0.0100     0.2580
      NODE   518     0.0000     0.2580
      NODE   519     0.0100     0.2590
      NODE   520     0.0000     0.2590
      NODE   521     0.0100     0.2600
      NODE   522     0.0000     0.2600
      NODE   523     0.0100     0.2610
      NODE   524     0.0000     0.2610
      NODE   525     0.0100     0.2620
      NODE   526     0.0000     0.2620
      NODE   527     0.0100     0.2630
      NODE   528     0.0000     0.2630
      NODE   529     0.0100     0.2640
      NODE   530     0.0000     0.2640
      NODE   531     0.0100     0.2650
      NODE   532     0.0000     0.2650
      NODE   533     0.0100     0.2660
      NODE   534     0.0000     0.2660
      NODE   535     0.0100     0.2670
      NODE   536     0.0000     0.2670
      NODE   537     0.0100     0.2680
      NODE   538     0.0000     0.2680
      NODE   539     0.0100     0.2690
      NODE   540     0.0000     0.2690
      NODE   541     0.0100     0.2700
      NODE   542     0.0000     0.2700
      NODE   543     0.0100     0.2710
      NODE   544     0.0000     0.2710
      NODE   545     0.0100     0.2720
      NODE   546     0.0000     0.2720
      NODE   547     0.0100     0.2730
      NODE   548     0.0000     0.2730
      NODE   549     0.0100     0.2740
      NODE   550     0.0000     0.2740
      NODE   551     0.0100     0.2750
      NODE   552     0.0000     0.2750
      NODE   553     0.0100     0.2760
      NODE   554     0.0000     0.2760
      NODE   555     0.0100     0.2770
      NODE   556     0.0000     0.2770
      NODE   557     0.0100     0.2780
      NODE   558     0.0000     0.2780
      NODE   559     0.0100     0.2790
      NODE   560     0.0000     0.2790
      NODE   561     0.0100     0.2800
      NODE   562     0.0000     0.2800
      NODE   563     0.0100     0.2810
      NODE   564     0.0000     0.2810
      NODE   565     0.0100     0.2820
      NODE   566     0.0000     0.2820
      NODE   567     0.0100     0.2830
      NODE   568     0.0000     0.2830
      NODE   569     0.0100     0.2840
      NODE   570     0.0000     0.2840
      NODE   571     0.0100     0.2850
      NODE   572     0.0000     0.2850
      NODE   573     0.0100     0.2860
      NODE   574     0.0000     0.2860
      NODE   575     0.0100     0.2870
      NODE   576     0.0000     0.2870
      NODE   577     0.0100     0.2880
      NODE   578     0.0000     0.2880
      NODE   579     0.0100     0.2890
      NODE   580     0.0000     0.2890
      NODE   581     0.0100     0.2900
      NODE   582     0.0000     0.2900
      NODE   583     0.0100     0.2910
      NODE   584     0.0000     0.2910
      NODE   585     0.0100     0.2920
      NODE   586     0.0000     0.2920
      NODE   587     0.0100     0.2930
      NODE   588     0.0000     0.2930
      NODE   589     0.0100     0.2940
      NODE   590     0.0000     0.2940
      NODE   591     0.0100     0.2950
      NODE   592     0.0000     0.2950
      NODE   593     0.0100     0.2960
      NODE   594     0.0000     0.2960
      NODE   595     0.0100     0.2970
      NODE   596     0.0000     0.2970
      NODE   597     0.0100     0.2980
      NODE   598     0.0000     0.2980
      NODE   599     0.0100     0.2990
      NODE   600     0.0000     0.2990
      NODE   601     0.0100     0.3000
      NODE   602     0.0000     0.3000
      NODE   603     0.0100     0.3010
      NODE   604     0.0000     0.3010
      NODE   605     0.0100     0.3020
      NODE   606     0.0000     0.3020
      NODE   607     0.0100     0.3030
      NODE   608     0.0000     0.3030
      NODE   609     0.0100     0.3040
      NODE   610     0.0000     0.3040
      NODE   611     0.0100     0.3050
      NODE   612     0.0000     0.3050
      NODE   613     0.0100     0.3060
      NODE   614     0.0000     0.3060
      NODE   615     0.0100     0.3070
      NODE   616     0.0000     0.3070
      NODE   617     0.0100     0.3080
      NODE   618     0.0000     0.3080
      NODE   619     0.0100     0.3090
      NODE   620     0.0000     0.3090
      NODE   621     0.0100     0.3100
      NODE   622     0.0000     0.3100
      NODE   623     0.0100     0.3110
      NODE   624     0.0000     0.3110
      NODE   625     0.0100     0.3120
      NODE   626     0.0000     0.3120
      NODE   627     0.0100     0.3130
      NODE   628     0.0000     0.3130
      NODE   629     0.0100     0.3140
      NODE   630     0.0000     0.3140
      NODE   631     0.0100     0.3150
      NODE   632     0.0000     0.3150
      NODE   633     0.0100     0.3160
      NODE   634     0.0000     0.3160
      NODE   635     0.0100     0.3170
      NODE   636     0.0000     0.3170
      NODE   637     0.0100     0.3180
      NODE   638     0.0000     0.3180
      NODE   639     0.0100     0.3190
      NODE   640     0.0000     0.3190
      NODE   641     0.0100     0.3200
      NODE   642     0.0000     0.3200
      NODE   643     0.0100     0.3210
      NODE   644     0.0000     0.3210
      NODE   645     0.0100     0.3220
      NODE   646     0.0000     0.3220
      NODE   647     0.0100     0.3230
      NODE   648     0.0000     0.3230
      NODE   649     0.0100     0.3240
      NODE   650     0.0000     0.3240
      NODE   651     0.0100     0.3250
      NODE   652     0.0000     0.3250
      NODE   653     0.0100     0.3260
      NODE   654     0.0000     0.3260
      NODE   655     0.0100     0.3270
      NODE   656     0.0000     0.3270
      NODE   657     0.0100     0.3280
      NODE   658     0.0000     0.3280
      NODE   659     0.0100     0.3290
      NODE   660     0.0000     0.3290
      NODE   661     0.0100     0.3300
      NODE   662     0.0000     0.3300
      NODE   663     0.0100     0.3310
      NODE   664     0.0000     0.3310
      NODE   665     0.0100     0.3320
      NODE   666     0.0000     0.3320
      NODE   667     0.0100     0.3330
      NODE   668     0.0000     0.3330
      NODE   669     0.0100     0.3340
      NODE   670     0.0000     0.3340
      NODE   671     0.0100     0.3350
      NODE   672     0.0000     0.3350
      NODE   673     0.0100     0.3360
      NODE   674     0.0000     0.3360
      NODE   675     0.0100     0.3370
      NODE   676     0.0000     0.3370
      NODE   677     0.0100     0.3380
      NODE   678     0.0000     0.3380
      NODE   679     0.0100     0.3390
      NODE   680     0.0000     0.3390
      NODE   681     0.0100     0.3400
      NODE   682     0.0000     0.3400
      NODE   683     0.0100     0.3410
      NODE   684     0.0000     0.3410
      NODE   685     0.0100     0.3420
      NODE   686     0.0000     0.3420
      NODE   687     0.0100     0.3430
      NODE   688     0.0000     0.3430
      NODE   689     0.0100     0.3440
      NODE   690     0.0000     0.3440
      NODE   691     0.0100     0.3450
      NODE   692     0.0000     0.3450
      NODE   693     0.0100     0.3460
      NODE   694     0.0000     0.3460
      NODE   695     0.0100     0.3470
      NODE   696     0.0000     0.3470
      NODE   697     0.0100     0.3480
      NODE   698     0.0000     0.3480
      NODE   699     0.0100     0.3490
      NODE   700     0.0000     0.3490
      NODE   701     0.0100     0.3500
      NODE   702     0.0000     0.3500
      NODE   703     0.0100     0.3510
      NODE   704     0.0000     0.3510
      NODE   705     0.0100     0.3520
      NODE   706     0.0000     0.3520
      NODE   707     0.0100     0.3530
      NODE   708     0.0000     0.3530
      NODE   709     0.0100     0.3540
      NODE   710     0.0000     0.3540
      NODE   711     0.0100     0.3550
      NODE   712     0.0000     0.3550
      NODE   713     0.0100     0.3560
      NODE   714     0.0000     0.3560
      NODE   715     0.0100     0.3570
      NODE   716     0.0000     0.3570
      NODE   717     0.0100     0.3580
      NODE   718     0.0000     0.3580
      NODE   719     0.0100     0.3590
      NODE   720     0.0000     0.3590
      NODE   721     0.0100     0.3600
      NODE   722     0.0000     0.3600
      NODE   723     0.0100     0.3610
      NODE   724     0.0000     0.3610
      NODE   725     0.0100     0.3620
      NODE   726     0.0000     0.3620
      NODE   727     0.0100     0.3630
      NODE   728     0.0000     0.3630
      NODE   729     0.0100     0.3640
      NODE   730     0.0000     0.3640
      NODE   731     0.0100     0.3650
      NODE   732     0.0000     0.3650
      NODE   733     0.0100     0.3660
      NODE   734     0.0000     0.3660
      NODE   735     0.0100     0.3670
      NODE   736     0.0000     0.3670
      NODE   737     0.0100     0.3680
      NODE   738     0.0000     0.3680
      NODE   739     0.0100     0.3690
      NODE   740     0.0000     0.3690
      NODE   741     0.0100     0.3700
      NODE   742     0.0000     0.3700
      NODE   743     0.0100     0.3710
      NODE   744     0.0000     0.3710
      NODE   745     0.0100     0.3720
      NODE   746     0.0000     0.3720
      NODE   747     0.0100     0.3730
      NODE   748     0.0000     0.3730
      NODE   749     0.0100     0.3740
      NODE   750     0.0000     0.3740
      NODE   751     0.0100     0.3750
      NODE   752     0.0000     0.3750
      NODE   753     0.0100     0.3760
      NODE   754     0.0000     0.3760
      NODE   755     0.0100     0.3770
      NODE   756     0.0000     0.3770
      NODE   757     0.0100     0.3780
      NODE   758     0.0000     0.3780
      NODE   759     0.0100     0.3790
      NODE   760     0.0000     0.3790
      NODE   761     0.0100     0.3800
      NODE   762     0.0000     0.3800
      NODE   763     0.0100     0.3810
      NODE   764     0.0000     0.3810
      NODE   765     0.0100     0.3820
      NODE   766     0.0000     0.3820
      NODE   767     0.0100     0.3830
      NODE   768     0.0000     0.3830
      NODE   769     0.0100     0.3840
      NODE   770     0.0000     0.3840
      NODE   771     0.0100     0.3850
      NODE   772     0.0000     0.3850
      NODE   773     0.0100     0.3860
      NODE   774     0.0000     0.3860
      NODE   775     0.0100     0.3870
      NODE   776     0.0000     0.3870
      NODE   777     0.0100     0.3880
      NODE   778     0.0000     0.3880
      NODE   779     0.0100     0.3890
      NODE   780     0.0000     0.3890
      NODE   781     0.0100     0.3900
      NODE   782     0.0000     0.3900
      NODE   783     0.0100     0.3910
      NODE   784     0.0000     0.3910
      NODE   785     0.0100     0.3920
      NODE   786     0.0000     0.3920
      NODE   787     0.0100     0.3930
      NODE   788     0.0000     0.3930
      NODE   789     0.0100     0.3940
      NODE   790     0.0000     0.3940
      NODE   791     0.0100     0.3950
      NODE   792     0.0000     0.3950
      NODE   793     0.0100     0.3960
      NODE   794     0.0000     0.3960
      NODE   795     0.0100     0.3970
      NODE   796     0.0000     0.3970
      NODE   797     0.0100     0.3980
      NODE   798     0.0000     0.3980
      NODE   799     0.0100     0.3990
      NODE   800     0.0000     0.3990
      NODE   801     0.0100     0.4000
      NODE   802     0.0000     0.4000
      NODE   803     0.0100     0.4010
      NODE   804     0.0000     0.4010
      NODE   805     0.0100     0.4020
      NODE   806     0.0000     0.4020
      NODE   807     0.0100     0.4030
      NODE   808     0.0000     0.4030
      NODE   809     0.0100     0.4040
      NODE   810     0.0000     0.4040
      NODE   811     0.0100     0.4050
      NODE   812     0.0000     0.4050
      NODE   813     0.0100     0.4060
      NODE   814     0.0000     0.4060
      NODE   815     0.0100     0.4070
      NODE   816     0.0000     0.4070
      NODE   817     0.0100     0.4080
      NODE   818     0.0000     0.4080
      NODE   819     0.0100     0.4090
      NODE   820     0.0000     0.4090
      NODE   821     0.0100     0.4100
      NODE   822     0.0000     0.4100
      NODE   823     0.0100     0.4110
      NODE   824     0.0000     0.4110
      NODE   825     0.0100     0.4120
      NODE   826     0.0000     0.4120
      NODE   827     0.0100     0.4130
      NODE   828     0.0000     0.4130
      NODE   829     0.0100     0.4140
      NODE   830     0.0000     0.4140
      NODE   831     0.0100     0.4150
      NODE   832     0.0000     0.4150
      NODE   833     0.0100     0.4160
      NODE   834     0.0000     0.4160
      NODE   835     0.0100     0.4170
      NODE   836     0.0000     0.4170
      NODE   837     0.0100     0.4180
      NODE   838     0.0000     0.4180
      NODE   839     0.0100     0.4190
      NODE   840     0.0000     0.4190
      NODE   841     0.0100     0.4200
      NODE   842     0.0000     0.4200
      NODE   843     0.0100     0.4210
      NODE   844     0.0000     0.4210
      NODE   845     0.0100     0.4220
      NODE   846     0.0000     0.4220
      NODE   847     0.0100     0.4230
      NODE   848     0.0000     0.4230
      NODE   849     0.0100     0.4240
      NODE   850     0.0000     0.4240
      NODE   851     0.0100     0.4250
      NODE   852     0.0000     0.4250
      NODE   853     0.0100     0.4260
      NODE   854     0.0000     0.4260
      NODE   855     0.0100     0.4270
      NODE   856     0.0000     0.4270
      NODE   857     0.0100     0.4280
      NODE   858     0.0000     0.4280
      NODE   859     0.0100     0.4290
      NODE   860     0.0000     0.4290
      NODE   861     0.0100     0.4300
      NODE   862     0.0000     0.4300
      NODE   863     0.0100     0.4310
      NODE   864     0.0000     0.4310
      NODE   865     0.0100     0.4320
      NODE   866     0.0000     0.4320
      NODE   867     0.0100     0.4330
      NODE   868     0.0000     0.4330
      NODE   869     0.0100     0.4340
      NODE   870     0.0000     0.4340
      NODE   871     0.0100     0.4350
      NODE   872     0.0000     0.4350
      NODE   873     0.0100     0.4360
      NODE   874     0.0000     0.4360
      NODE   875     0.0100     0.4370
      NODE   876     0.0000     0.4370
      NODE   877     0.0100     0.4380
      NODE   878     0.0000     0.4380
      NODE   879     0.0100     0.4390
      NODE   880     0.0000     0.4390
      NODE   881     0.0100     0.4400
      NODE   882     0.0000     0.4400
      NODE   883     0.0100     0.4410
      NODE   884     0.0000     0.4410
      NODE   885     0.0100     0.4420
      NODE   886     0.0000     0.4420
      NODE   887     0.0100     0.4430
      NODE   888     0.0000     0.4430
      NODE   889     0.0100     0.4440
      NODE   890     0.0000     0.4440
      NODE   891     0.0100     0.4450
      NODE   892     0.0000     0.4450
      NODE   893     0.0100     0.4460
      NODE   894     0.0000     0.4460
      NODE   895     0.0100     0.4470
      NODE   896     0.0000     0.4470
      NODE   897     0.0100     0.4480
      NODE   898     0.0000     0.4480
      NODE   899     0.0100     0.4490
      NODE   900     0.0000     0.4490
      NODE   901     0.0100     0.4500
      NODE   902     0.0000     0.4500
      NODE   903     0.0100     0.4510
      NODE   904     0.0000     0.4510
      NODE   905     0.0100     0.4520
      NODE   906     0.0000     0.4520
      NODE   907     0.0100     0.4530
      NODE   908     0.0000     0.4530
      NODE   909     0.0100     0.4540
      NODE   910     0.0000     0.4540
      NODE   911     0.0100     0.4550
      NODE   912     0.0000     0.4550
      NODE   913     0.0100     0.4560
      NODE   914     0.0000     0.4560
      NODE   915     0.0100     0.4570
      NODE   916     0.0000     0.4570
      NODE   917     0.0100     0.4580
      NODE   918     0.0000     0.4580
      NODE   919     0.0100     0.4590
      NODE   920     0.0000     0.4590
      NODE   921     0.0100     0.4600
      NODE   922     0.0000     0.4600
      NODE   923     0.0100     0.4610
      NODE   924     0.0000     0.4610
      NODE   925     0.0100     0.4620
      NODE   926     0.0000     0.4620
      NODE   927     0.0100     0.4630
      NODE   928     0.0000     0.4630
      NODE   929     0.0100     0.4640
      NODE   930     0.0000     0.4640
      NODE   931     0.0100     0.4650
      NODE   932     0.0000     0.4650
      NODE   933     0.0100     0.4660
      NODE   934     0.0000     0.4660
      NODE   935     0.0100     0.4670
      NODE   936     0.0000     0.4670
      NODE   937     0.0100     0.4680
      NODE   938     0.0000     0.4680
      NODE   939     0.0100     0.4690
      NODE   940     0.0000     0.4690
      NODE   941     0.0100     0.4700
      NODE   942     0.0000     0.4700
      NODE   943     0.0100     0.4710
      NODE   944     0.0000     0.4710
      NODE   945     0.0100     0.4720
      NODE   946     0.0000     0.4720
      NODE   947     0.0100     0.4730
      NODE   948     0.0000     0.4730
      NODE   949     0.0100     0.4740
      NODE   950     0.0000     0.4740
      NODE   951     0.0100     0.4750
      NODE   952     0.0000     0.4750
      NODE   953     0.0100     0.4760
      NODE   954     0.0000     0.4760
      NODE   955     0.0100     0.4770
      NODE   956     0.0000     0.4770
      NODE   957     0.0100     0.4780
      NODE   958     0.0000     0.4780
      NODE   959     0.0100     0.4790
      NODE   960     0.0000     0.4790
      NODE   961     0.0100     0.4800
      NODE   962     0.0000     0.4800
      NODE   963     0.0100     0.4810
      NODE   964     0.0000     0.4810
      NODE   965     0.0100     0.4820
      NODE   966     0.0000     0.4820
      NODE   967     0.0100     0.4830
      NODE   968     0.0000     0.4830
      NODE   969     0.0100     0.4840
      NODE   970     0.0000     0.4840
      NODE   971     0.0100     0.4850
      NODE   972     0.0000     0.4850
      NODE   973     0.0100     0.4860
      NODE   974     0.0000     0.4860
      NODE   975     0.0100     0.4870
      NODE   976     0.0000     0.4870
      NODE   977     0.0100     0.4880
      NODE   978     0.0000     0.4880
      NODE   979     0.0100     0.4890
      NODE   980     0.0000     0.4890
      NODE   981     0.0100     0.4900
      NODE   982     0.0000     0.4900
      NODE   983     0.0100     0.4910
      NODE   984     0.0000     0.4910
      NODE   985     0.0100     0.4920
      NODE   986     0.0000     0.4920
      NODE   987     0.0100     0.4930
      NODE   988     0.0000     0.4930
      NODE   989     0.0100     0.4940
      NODE   990     0.0000     0.4940
      NODE   991     0.0100     0.4950
      NODE   992     0.0000     0.4950
      NODE   993     0.0100     0.4960
      NODE   994     0.0000     0.4960
      NODE   995     0.0100     0.4970
      NODE   996     0.0000     0.4970
      NODE   997     0.0100     0.4980
      NODE   998     0.0000     0.4980
      NODE   999     0.0100     0.4990
      NODE  1000     0.0000     0.4990
      NODE  1001     0.0100     0.5000
      NODE  1002     0.0000     0.5000
  NODELINE          0.0000     0.0000
     YC_ZC          0.0000     0.0000
 FIXATIONS
   END_FIX
NODOFSOLID
      ELEM       1      11    13     2     1       1     0.
      ELEM       2      13    14     3     2       1     0.
      ELEM       3      14    15     4     3       1     0.
      ELEM       4      15    16     5     4       1     0.
      ELEM       5      16    18     6     5       1     0.
      ELEM       6      18    19     7     6       1     0.
      ELEM       7      19    21     8     7       1     0.
      ELEM       8      21    22     9     8       1     0.
      ELEM       9      22    24    10     9       1     0.
      ELEM      10      24    26    12    10       1     0.
      ELEM      11      26    27    17    12       1     0.
      ELEM      12      27    29    20    17       1     0.
      ELEM      13      29    31    23    20       1     0.
      ELEM      14      31    33    25    23       1     0.
      ELEM      15      33    35    28    25       1     0.
      ELEM      16      35    36    30    28       1     0.
      ELEM      17      36    38    32    30       1     0.
      ELEM      18      38    40    34    32       1     0.
      ELEM      19      40    42    37    34       1     0.
      ELEM      20      42    44    39    37       1     0.
      ELEM      21      44    46    41    39       1     0.
      ELEM      22      46    48    43    41       1     0.
      ELEM      23      48    50    45    43       1     0.
      ELEM      24      50    52    47    45       1     0.
      ELEM      25      52    53    49    47       1     0.
      ELEM      26      53    55    51    49       1     0.
      ELEM      27      55    57    54    51       1     0.
      ELEM      28      57    59    56    54       1     0.
      ELEM      29      59    61    58    56       1     0.
      ELEM      30      61    63    60    58       1     0.
      ELEM      31      63    65    62    60       1     0.
      ELEM      32      65    67    64    62       1     0.
      ELEM      33      67    69    66    64       1     0.
      ELEM      34      69    71    68    66       1     0.
      ELEM      35      71    73    70    68       1     0.
      ELEM      36      73    75    72    70       1     0.
      ELEM      37      75    77    74    72       1     0.
      ELEM      38      77    79    76    74       1     0.
      ELEM      39      79    81    78    76       1     0.
      ELEM      40      81    83    80    78       1     0.
      ELEM      41      83    85    82    80       1     0.
      ELEM      42      85    87    84    82       1     0.
      ELEM      43      87    89    86    84       1     0.
      ELEM      44      89    91    88    86       1     0.
      ELEM      45      91    93    90    88       1     0.
      ELEM      46      93    95    92    90       1     0.
      ELEM      47      95    97    94    92       1     0.
      ELEM      48      97    99    96    94       1     0.
      ELEM      49      99   101    98    96       1     0.
      ELEM      50     101   102   100    98       1     0.
      ELEM      51     102   104   103   100       1     0.
      ELEM      52     104   106   105   103       1     0.
      ELEM      53     106   108   107   105       1     0.
      ELEM      54     108   110   109   107       1     0.
      ELEM      55     110   112   111   109       1     0.
      ELEM      56     112   114   113   111       1     0.
      ELEM      57     114   116   115   113       1     0.
      ELEM      58     116   118   117   115       1     0.
      ELEM      59     118   120   119   117       1     0.
      ELEM      60     120   122   121   119       1     0.
      ELEM      61     122   124   123   121       1     0.
      ELEM      62     124   126   125   123       1     0.
      ELEM      63     126   128   127   125       1     0.
      ELEM      64     128   130   129   127       1     0.
      ELEM      65     130   132   131   129       1     0.
      ELEM      66     132   134   133   131       1     0.
      ELEM      67     134   136   135   133       1     0.
      ELEM      68     136   138   137   135       1     0.
      ELEM      69     138   140   139   137       1     0.
      ELEM      70     140   142   141   139       1     0.
      ELEM      71     142   144   143   141       1     0.
      ELEM      72     144   146   145   143       1     0.
      ELEM      73     146   148   147   145       1     0.
      ELEM      74     148   150   149   147       1     0.
      ELEM      75     150   152   151   149       1     0.
      ELEM      76     152   154   153   151       1     0.
      ELEM      77     154   156   155   153       1     0.
      ELEM      78     156   158   157   155       1     0.
      ELEM      79     158   160   159   157       1     0.
      ELEM      80     160   162   161   159       1     0.
      ELEM      81     162   164   163   161       1     0.
      ELEM      82     164   166   165   163       1     0.
      ELEM      83     166   168   167   165       1     0.
      ELEM      84     168   170   169   167       1     0.
      ELEM      85     170   172   171   169       1     0.
      ELEM      86     172   174   173   171       1     0.
      ELEM      87     174   176   175   173       1     0.
      ELEM      88     176   178   177   175       1     0.
      ELEM      89     178   180   179   177       1     0.
      ELEM      90     180   182   181   179       1     0.
      ELEM      91     182   184   183   181       1     0.
      ELEM      92     184   186   185   183       1     0.
      ELEM      93     186   188   187   185       1     0.
      ELEM      94     188   190   189   187       1     0.
      ELEM      95     190   192   191   189       1     0.
      ELEM      96     192   194   193   191       1     0.
      ELEM      97     194   196   195   193       1     0.
      ELEM      98     196   198   197   195       1     0.
      ELEM      99     198   200   199   197       1     0.
      ELEM     100     200   202   201   199       1     0.
      ELEM     101     202   204   203   201       1     0.
      ELEM     102     204   206   205   203       1     0.
      ELEM     103     206   208   207   205       1     0.
      ELEM     104     208   210   209   207       1     0.
      ELEM     105     210   212   211   209       1     0.
      ELEM     106     212   214   213   211       1     0.
      ELEM     107     214   216   215   213       1     0.
      ELEM     108     216   218   217   215       1     0.
      ELEM     109     218   220   219   217       1     0.
      ELEM     110     220   222   221   219       1     0.
      ELEM     111     222   224   223   221       1     0.
      ELEM     112     224   226   225   223       1     0.
      ELEM     113     226   228   227   225       1     0.
      ELEM     114     228   230   229   227       1     0.
      ELEM     115     230   232   231   229       1     0.
      ELEM     116     232   234   233   231       1     0.
      ELEM     117     234   236   235   233       1     0.
      ELEM     118     236   238   237   235       1     0.
      ELEM     119     238   240   239   237       1     0.
      ELEM     120     240   242   241   239       1     0.
      ELEM     121     242   244   243   241       1     0.
      ELEM     122     244   246   245   243       1     0.
      ELEM     123     246   248   247   245       1     0.
      ELEM     124     248   250   249   247       1     0.
      ELEM     125     250   252   251   249       1     0.
      ELEM     126     252   254   253   251       1     0.
      ELEM     127     254   256   255   253       1     0.
      ELEM     128     256   258   257   255       1     0.
      ELEM     129     258   260   259   257       1     0.
      ELEM     130     260   262   261   259       1     0.
      ELEM     131     262   264   263   261       1     0.
      ELEM     132     264   266   265   263       1     0.
      ELEM     133     266   268   267   265       1     0.
      ELEM     134     268   270   269   267       1     0.
      ELEM     135     270   272   271   269       1     0.
      ELEM     136     272   274   273   271       1     0.
      ELEM     137     274   276   275   273       1     0.
      ELEM     138     276   278   277   275       1     0.
      ELEM     139     278   280   279   277       1     0.
      ELEM     140     280   282   281   279       1     0.
      ELEM     141     282   284   283   281       1     0.
      ELEM     142     284   286   285   283       1     0.
      ELEM     143     286   288   287   285       1     0.
      ELEM     144     288   290   289   287       1     0.
      ELEM     145     290   292   291   289       1     0.
      ELEM     146     292   294   293   291       1     0.
      ELEM     147     294   296   295   293       1     0.
      ELEM     148     296   298   297   295       1     0.
      ELEM     149     298   300   299   297       1     0.
      ELEM     150     300   302   301   299       1     0.
      ELEM     151     302   304   303   301       1     0.
      ELEM     152     304   306   305   303       1     0.
      ELEM     153     306   308   307   305       1     0.
      ELEM     154     308   310   309   307       1     0.
      ELEM     155     310   312   311   309       1     0.
      ELEM     156     312   314   313   311       1     0.
      ELEM     157     314   316   315   313       1     0.
      ELEM     158     316   318   317   315       1     0.
      ELEM     159     318   320   319   317       1     0.
      ELEM     160     320   322   321   319       1     0.
      ELEM     161     322   324   323   321       1     0.
      ELEM     162     324   326   325   323       1     0.
      ELEM     163     326   328   327   325       1     0.
      ELEM     164     328   330   329   327       1     0.
      ELEM     165     330   332   331   329       1     0.
      ELEM     166     332   334   333   331       1     0.
      ELEM     167     334   336   335   333       1     0.
      ELEM     168     336   338   337   335       1     0.
      ELEM     169     338   340   339   337       1     0.
      ELEM     170     340   342   341   339       1     0.
      ELEM     171     342   344   343   341       1     0.
      ELEM     172     344   346   345   343       1     0.
      ELEM     173     346   348   347   345       1     0.
      ELEM     174     348   350   349   347       1     0.
      ELEM     175     350   352   351   349       1     0.
      ELEM     176     352   354   353   351       1     0.
      ELEM     177     354   356   355   353       1     0.
      ELEM     178     356   358   357   355       1     0.
      ELEM     179     358   360   359   357       1     0.
      ELEM     180     360   362   361   359       1     0.
      ELEM     181     362   364   363   361       1     0.
      ELEM     182     364   366   365   363       1     0.
      ELEM     183     366   368   367   365       1     0.
      ELEM     184     368   370   369   367       1     0.
      ELEM     185     370   372   371   369       1     0.
      ELEM     186     372   374   373   371       1     0.
      ELEM     187     374   376   375   373       1     0.
      ELEM     188     376   378   377   375       1     0.
      ELEM     189     378   380   379   377       1     0.
      ELEM     190     380   382   381   379       1     0.
      ELEM     191     382   384   383   381       1     0.
      ELEM     192     384   386   385   383       1     0.
      ELEM     193     386   388   387   385       1     0.
      ELEM     194     388   390   389   387       1     0.
      ELEM     195     390   392   391   389       1     0.
      ELEM     196     392   394   393   391       1     0.
      ELEM     197     394   396   395   393       1     0.
      ELEM     198     396   398   397   395       1     0.
      ELEM     199     398   400   399   397       1     0.
      ELEM     200     400   402   401   399       1     0.
      ELEM     201     402   404   403   401       1     0.
      ELEM     202     404   406   405   403       1     0.
      ELEM     203     406   408   407   405       1     0.
      ELEM     204     408   410   409   407       1     0.
      ELEM     205     410   412   411   409       1     0.
      ELEM     206     412   414   413   411       1     0.
      ELEM     207     414   416   415   413       1     0.
      ELEM     208     416   418   417   415       1     0.
      ELEM     209     418   420   419   417       1     0.
      ELEM     210     420   422   421   419       1     0.
      ELEM     211     422   424   423   421       1     0.
      ELEM     212     424   426   425   423       1     0.
      ELEM     213     426   428   427   425       1     0.
      ELEM     214     428   430   429   427       1     0.
      ELEM     215     430   432   431   429       1     0.
      ELEM     216     432   434   433   431       1     0.
      ELEM     217     434   436   435   433       1     0.
      ELEM     218     436   438   437   435       1     0.
      ELEM     219     438   440   439   437       1     0.
      ELEM     220     440   442   441   439       1     0.
      ELEM     221     442   444   443   441       1     0.
      ELEM     222     444   446   445   443       1     0.
      ELEM     223     446   448   447   445       1     0.
      ELEM     224     448   450   449   447       1     0.
      ELEM     225     450   452   451   449       1     0.
      ELEM     226     452   454   453   451       1     0.
      ELEM     227     454   456   455   453       1     0.
      ELEM     228     456   458   457   455       1     0.
      ELEM     229     458   460   459   457       1     0.
      ELEM     230     460   462   461   459       1     0.
      ELEM     231     462   464   463   461       1     0.
      ELEM     232     464   466   465   463       1     0.
      ELEM     233     466   468   467   465       1     0.
      ELEM     234     468   470   469   467       1     0.
      ELEM     235     470   472   471   469       1     0.
      ELEM     236     472   474   473   471       1     0.
      ELEM     237     474   476   475   473       1     0.
      ELEM     238     476   478   477   475       1     0.
      ELEM     239     478   480   479   477       1     0.
      ELEM     240     480   482   481   479       1     0.
      ELEM     241     482   484   483   481       1     0.
      ELEM     242     484   486   485   483       1     0.
      ELEM     243     486   488   487   485       1     0.
      ELEM     244     488   490   489   487       1     0.
      ELEM     245     490   492   491   489       1     0.
      ELEM     246     492   494   493   491       1     0.
      ELEM     247     494   496   495   493       1     0.
      ELEM     248     496   498   497   495       1     0.
      ELEM     249     498   500   499   497       1     0.
      ELEM     250     500   502   501   499       1     0.
      ELEM     251     502   504   503   501       1     0.
      ELEM     252     504   506   505   503       1     0.
      ELEM     253     506   508   507   505       1     0.
      ELEM     254     508   510   509   507       1     0.
      ELEM     255     510   512   511   509       1     0.
      ELEM     256     512   514   513   511       1     0.
      ELEM     257     514   516   515   513       1     0.
      ELEM     258     516   518   517   515       1     0.
      ELEM     259     518   520   519   517       1     0.
      ELEM     260     520   522   521   519       1     0.
      ELEM     261     522   524   523   521       1     0.
      ELEM     262     524   526   525   523       1     0.
      ELEM     263     526   528   527   525       1     0.
      ELEM     264     528   530   529   527       1     0.
      ELEM     265     530   532   531   529       1     0.
      ELEM     266     532   534   533   531       1     0.
      ELEM     267     534   536   535   533       1     0.
      ELEM     268     536   538   537   535       1     0.
      ELEM     269     538   540   539   537       1     0.
      ELEM     270     540   542   541   539       1     0.
      ELEM     271     542   544   543   541       1     0.
      ELEM     272     544   546   545   543       1     0.
      ELEM     273     546   548   547   545       1     0.
      ELEM     274     548   550   549   547       1     0.
      ELEM     275     550   552   551   549       1     0.
      ELEM     276     552   554   553   551       1     0.
      ELEM     277     554   556   555   553       1     0.
      ELEM     278     556   558   557   555       1     0.
      ELEM     279     558   560   559   557       1     0.
      ELEM     280     560   562   561   559       1     0.
      ELEM     281     562   564   563   561       1     0.
      ELEM     282     564   566   565   563       1     0.
      ELEM     283     566   568   567   565       1     0.
      ELEM     284     568   570   569   567       1     0.
      ELEM     285     570   572   571   569       1     0.
      ELEM     286     572   574   573   571       1     0.
      ELEM     287     574   576   575   573       1     0.
      ELEM     288     576   578   577   575       1     0.
      ELEM     289     578   580   579   577       1     0.
      ELEM     290     580   582   581   579       1     0.
      ELEM     291     582   584   583   581       1     0.
      ELEM     292     584   586   585   583       1     0.
      ELEM     293     586   588   587   585       1     0.
      ELEM     294     588   590   589   587       1     0.
      ELEM     295     590   592   591   589       1     0.
      ELEM     296     592   594   593   591       1     0.
      ELEM     297     594   596   595   593       1     0.
      ELEM     298     596   598   597   595       1     0.
      ELEM     299     598   600   599   597       1     0.
      ELEM     300     600   602   601   599       1     0.
      ELEM     301     602   604   603   601       1     0.
      ELEM     302     604   606   605   603       1     0.
      ELEM     303     606   608   607   605       1     0.
      ELEM     304     608   610   609   607       1     0.
      ELEM     305     610   612   611   609       1     0.
      ELEM     306     612   614   613   611       1     0.
      ELEM     307     614   616   615   613       1     0.
      ELEM     308     616   618   617   615       1     0.
      ELEM     309     618   620   619   617       1     0.
      ELEM     310     620   622   621   619       1     0.
      ELEM     311     622   624   623   621       1     0.
      ELEM     312     624   626   625   623       1     0.
      ELEM     313     626   628   627   625       1     0.
      ELEM     314     628   630   629   627       1     0.
      ELEM     315     630   632   631   629       1     0.
      ELEM     316     632   634   633   631       1     0.
      ELEM     317     634   636   635   633       1     0.
      ELEM     318     636   638   637   635       1     0.
      ELEM     319     638   640   639   637       1     0.
      ELEM     320     640   642   641   639       1     0.
      ELEM     321     642   644   643   641       1     0.
      ELEM     322     644   646   645   643       1     0.
      ELEM     323     646   648   647   645       1     0.
      ELEM     324     648   650   649   647       1     0.
      ELEM     325     650   652   651   649       1     0.
      ELEM     326     652   654   653   651       1     0.
      ELEM     327     654   656   655   653       1     0.
      ELEM     328     656   658   657   655       1     0.
      ELEM     329     658   660   659   657       1     0.
      ELEM     330     660   662   661   659       1     0.
      ELEM     331     662   664   663   661       1     0.
      ELEM     332     664   666   665   663       1     0.
      ELEM     333     666   668   667   665       1     0.
      ELEM     334     668   670   669   667       1     0.
      ELEM     335     670   672   671   669       1     0.
      ELEM     336     672   674   673   671       1     0.
      ELEM     337     674   676   675   673       1     0.
      ELEM     338     676   678   677   675       1     0.
      ELEM     339     678   680   679   677       1     0.
      ELEM     340     680   682   681   679       1     0.
      ELEM     341     682   684   683   681       1     0.
      ELEM     342     684   686   685   683       1     0.
      ELEM     343     686   688   687   685       1     0.
      ELEM     344     688   690   689   687       1     0.
      ELEM     345     690   692   691   689       1     0.
      ELEM     346     692   694   693   691       1     0.
      ELEM     347     694   696   695   693       1     0.
      ELEM     348     696   698   697   695       1     0.
      ELEM     349     698   700   699   697       1     0.
      ELEM     350     700   702   701   699       1     0.
      ELEM     351     702   704   703   701       1     0.
      ELEM     352     704   706   705   703       1     0.
      ELEM     353     706   708   707   705       1     0.
      ELEM     354     708   710   709   707       1     0.
      ELEM     355     710   712   711   709       1     0.
      ELEM     356     712   714   713   711       1     0.
      ELEM     357     714   716   715   713       1     0.
      ELEM     358     716   718   717   715       1     0.
      ELEM     359     718   720   719   717       1     0.
      ELEM     360     720   722   721   719       1     0.
      ELEM     361     722   724   723   721       1     0.
      ELEM     362     724   726   725   723       1     0.
      ELEM     363     726   728   727   725       1     0.
      ELEM     364     728   730   729   727       1     0.
      ELEM     365     730   732   731   729       1     0.
      ELEM     366     732   734   733   731       1     0.
      ELEM     367     734   736   735   733       1     0.
      ELEM     368     736   738   737   735       1     0.
      ELEM     369     738   740   739   737       1     0.
      ELEM     370     740   742   741   739       1     0.
      ELEM     371     742   744   743   741       1     0.
      ELEM     372     744   746   745   743       1     0.
      ELEM     373     746   748   747   745       1     0.
      ELEM     374     748   750   749   747       1     0.
      ELEM     375     750   752   751   749       1     0.
      ELEM     376     752   754   753   751       1     0.
      ELEM     377     754   756   755   753       1     0.
      ELEM     378     756   758   757   755       1     0.
      ELEM     379     758   760   759   757       1     0.
      ELEM     380     760   762   761   759       1     0.
      ELEM     381     762   764   763   761       1     0.
      ELEM     382     764   766   765   763       1     0.
      ELEM     383     766   768   767   765       1     0.
      ELEM     384     768   770   769   767       1     0.
      ELEM     385     770   772   771   769       1     0.
      ELEM     386     772   774   773   771       1     0.
      ELEM     387     774   776   775   773       1     0.
      ELEM     388     776   778   777   775       1     0.
      ELEM     389     778   780   779   777       1     0.
      ELEM     390     780   782   781   779       1     0.
      ELEM     391     782   784   783   781       1     0.
      ELEM     392     784   786   785   783       1     0.
      ELEM     393     786   788   787   785       1     0.
      ELEM     394     788   790   789   787       1     0.
      ELEM     395     790   792   791   789       1     0.
      ELEM     396     792   794   793   791       1     0.
      ELEM     397     794   796   795   793       1     0.
      ELEM     398     796   798   797   795       1     0.
      ELEM     399     798   800   799   797       1     0.
      ELEM     400     800   802   801   799       1     0.
      ELEM     401     802   804   803   801       1     0.
      ELEM     402     804   806   805   803       1     0.
      ELEM     403     806   808   807   805       1     0.
      ELEM     404     808   810   809   807       1     0.
      ELEM     405     810   812   811   809       1     0.
      ELEM     406     812   814   813   811       1     0.
      ELEM     407     814   816   815   813       1     0.
      ELEM     408     816   818   817   815       1     0.
      ELEM     409     818   820   819   817       1     0.
      ELEM     410     820   822   821   819       1     0.
      ELEM     411     822   824   823   821       1     0.
      ELEM     412     824   826   825   823       1     0.
      ELEM     413     826   828   827   825       1     0.
      ELEM     414     828   830   829   827       1     0.
      ELEM     415     830   832   831   829       1     0.
      ELEM     416     832   834   833   831       1     0.
      ELEM     417     834   836   835   833       1     0.
      ELEM     418     836   838   837   835       1     0.
      ELEM     419     838   840   839   837       1     0.
      ELEM     420     840   842   841   839       1     0.
      ELEM     421     842   844   843   841       1     0.
      ELEM     422     844   846   845   843       1     0.
      ELEM     423     846   848   847   845       1     0.
      ELEM     424     848   850   849   847       1     0.
      ELEM     425     850   852   851   849       1     0.
      ELEM     426     852   854   853   851       1     0.
      ELEM     427     854   856   855   853       1     0.
      ELEM     428     856   858   857   855       1     0.
      ELEM     429     858   860   859   857       1     0.
      ELEM     430     860   862   861   859       1     0.
      ELEM     431     862   864   863   861       1     0.
      ELEM     432     864   866   865   863       1     0.
      ELEM     433     866   868   867   865       1     0.
      ELEM     434     868   870   869   867       1     0.
      ELEM     435     870   872   871   869       1     0.
      ELEM     436     872   874   873   871       1     0.
      ELEM     437     874   876   875   873       1     0.
      ELEM     438     876   878   877   875       1     0.
      ELEM     439     878   880   879   877       1     0.
      ELEM     440     880   882   881   879       1     0.
      ELEM     441     882   884   883   881       1     0.
      ELEM     442     884   886   885   883       1     0.
      ELEM     443     886   888   887   885       1     0.
      ELEM     444     888   890   889   887       1     0.
      ELEM     445     890   892   891   889       1     0.
      ELEM     446     892   894   893   891       1     0.
      ELEM     447     894   896   895   893       1     0.
      ELEM     448     896   898   897   895       1     0.
      ELEM     449     898   900   899   897       1     0.
      ELEM     450     900   902   901   899       1     0.
      ELEM     451     902   904   903   901       1     0.
      ELEM     452     904   906   905   903       1     0.
      ELEM     453     906   908   907   905       1     0.
      ELEM     454     908   910   909   907       1     0.
      ELEM     455     910   912   911   909       1     0.
      ELEM     456     912   914   913   911       1     0.
      ELEM     457     914   916   915   913       1     0.
      ELEM     458     916   918   917   915       1     0.
      ELEM     459     918   920   919   917       1     0.
      ELEM     460     920   922   921   919       1     0.
      ELEM     461     922   924   923   921       1     0.
      ELEM     462     924   926   925   923       1     0.
      ELEM     463     926   928   927   925       1     0.
      ELEM     464     928   930   929   927       1     0.
      ELEM     465     930   932   931   929       1     0.
      ELEM     466     932   934   933   931       1     0.
      ELEM     467     934   936   935   933       1     0.
      ELEM     468     936   938   937   935       1     0.
      ELEM     469     938   940   939   937       1     0.
      ELEM     470     940   942   941   939       1     0.
      ELEM     471     942   944   943   941       1     0.
      ELEM     472     944   946   945   943       1     0.
      ELEM     473     946   948   947   945       1     0.
      ELEM     474     948   950   949   947       1     0.
      ELEM     475     950   952   951   949       1     0.
      ELEM     476     952   954   953   951       1     0.
      ELEM     477     954   956   955   953       1     0.
      ELEM     478     956   958   957   955       1     0.
      ELEM     479     958   960   959   957       1     0.
      ELEM     480     960   962   961   959       1     0.
      ELEM     481     962   964   963   961       1     0.
      ELEM     482     964   966   965   963       1     0.
      ELEM     483     966   968   967   965       1     0.
      ELEM     484     968   970   969   967       1     0.
      ELEM     485     970   972   971   969       1     0.
      ELEM     486     972   974   973   971       1     0.
      ELEM     487     974   976   975   973       1     0.
      ELEM     488     976   978   977   975       1     0.
      ELEM     489     978   980   979   977       1     0.
      ELEM     490     980   982   981   979       1     0.
      ELEM     491     982   984   983   981       1     0.
      ELEM     492     984   986   985   983       1     0.
      ELEM     493     986   988   987   985       1     0.
      ELEM     494     988   990   989   987       1     0.
      ELEM     495     990   992   991   989       1     0.
      ELEM     496     992   994   993   991       1     0.
      ELEM     497     994   996   995   993       1     0.
      ELEM     498     996   998   997   995       1     0.
      ELEM     499     998  1000   999   997       1     0.
      ELEM     500    1000  1002  1001   999       1     0.
  FRONTIER
FLUX 1 NO NO NO {fn_bc}
 END_FRONT
  SYMMETRY
   END_SYM
 PRECISION     1.E-3
 MATERIALS
{materials}
      TIME
        {t_step}       {t_end}
  END_TIME
IMPRESSION
 TIMEPRINT
        {t_step}       {t_end}
END_TIMEPR
