
     NNODE   402
      NDIM    2
   NDOFMAX    1
       FROM    1   TO   402 STEP    1 NDDL    1
   END_NDDL
    NCORES           1
  TEMPERAT
      TETA        0.9
  TINITIAL       20.0
MAKE.TEM
 NORENUM
      NMAT 1
  ELEMENTS
     SOLID   200
        NG    2
     NVOID     0
  END_ELEM
     NODES
      NODE     1     0.0100     0.2000
      NODE     2     0.0100     0.1990
      NODE     3     0.0100     0.1980
      NODE     4     0.0100     0.1970
      NODE     5     0.0100     0.1960
      NODE     6     0.0100     0.1950
      NODE     7     0.0100     0.1940
      NODE     8     0.0100     0.1930
      NODE     9     0.0100     0.1920
      NODE    10     0.0100     0.1910
      NODE    11     0.0000     0.2000
      NODE    12     0.0100     0.1900
      NODE    13     0.0000     0.1990
      NODE    14     0.0000     0.1980
      NODE    15     0.0000     0.1970
      NODE    16     0.0000     0.1960
      NODE    17     0.0100     0.1890
      NODE    18     0.0000     0.1950
      NODE    19     0.0000     0.1940
      NODE    20     0.0100     0.1880
      NODE    21     0.0000     0.1930
      NODE    22     0.0000     0.1920
      NODE    23     0.0100     0.1870
      NODE    24     0.0000     0.1910
      NODE    25     0.0100     0.1860
      NODE    26     0.0000     0.1900
      NODE    27     0.0000     0.1890
      NODE    28     0.0100     0.1850
      NODE    29     0.0000     0.1880
      NODE    30     0.0100     0.1840
      NODE    31     0.0000     0.1870
      NODE    32     0.0100     0.1830
      NODE    33     0.0000     0.1860
      NODE    34     0.0100     0.1820
      NODE    35     0.0000     0.1850
      NODE    36     0.0000     0.1840
      NODE    37     0.0100     0.1810
      NODE    38     0.0000     0.1830
      NODE    39     0.0100     0.1800
      NODE    40     0.0000     0.1820
      NODE    41     0.0100     0.1790
      NODE    42     0.0000     0.1810
      NODE    43     0.0100     0.1780
      NODE    44     0.0000     0.1800
      NODE    45     0.0100     0.1770
      NODE    46     0.0000     0.1790
      NODE    47     0.0100     0.1760
      NODE    48     0.0000     0.1780
      NODE    49     0.0100     0.1750
      NODE    50     0.0000     0.1770
      NODE    51     0.0100     0.1740
      NODE    52     0.0000     0.1760
      NODE    53     0.0000     0.1750
      NODE    54     0.0100     0.1730
      NODE    55     0.0000     0.1740
      NODE    56     0.0100     0.1720
      NODE    57     0.0000     0.1730
      NODE    58     0.0100     0.1710
      NODE    59     0.0000     0.1720
      NODE    60     0.0100     0.1700
      NODE    61     0.0000     0.1710
      NODE    62     0.0100     0.1690
      NODE    63     0.0000     0.1700
      NODE    64     0.0100     0.1680
      NODE    65     0.0000     0.1690
      NODE    66     0.0100     0.1670
      NODE    67     0.0000     0.1680
      NODE    68     0.0100     0.1660
      NODE    69     0.0000     0.1670
      NODE    70     0.0100     0.1650
      NODE    71     0.0000     0.1660
      NODE    72     0.0100     0.1640
      NODE    73     0.0000     0.1650
      NODE    74     0.0100     0.1630
      NODE    75     0.0000     0.1640
      NODE    76     0.0100     0.1620
      NODE    77     0.0000     0.1630
      NODE    78     0.0100     0.1610
      NODE    79     0.0000     0.1620
      NODE    80     0.0100     0.1600
      NODE    81     0.0000     0.1610
      NODE    82     0.0100     0.1590
      NODE    83     0.0000     0.1600
      NODE    84     0.0100     0.1580
      NODE    85     0.0000     0.1590
      NODE    86     0.0100     0.1570
      NODE    87     0.0000     0.1580
      NODE    88     0.0100     0.1560
      NODE    89     0.0000     0.1570
      NODE    90     0.0100     0.1550
      NODE    91     0.0000     0.1560
      NODE    92     0.0100     0.1540
      NODE    93     0.0000     0.1550
      NODE    94     0.0100     0.1530
      NODE    95     0.0000     0.1540
      NODE    96     0.0100     0.1520
      NODE    97     0.0000     0.1530
      NODE    98     0.0100     0.1510
      NODE    99     0.0000     0.1520
      NODE   100     0.0100     0.1500
      NODE   101     0.0000     0.1510
      NODE   102     0.0000     0.1500
      NODE   103     0.0100     0.1490
      NODE   104     0.0000     0.1490
      NODE   105     0.0100     0.1480
      NODE   106     0.0000     0.1480
      NODE   107     0.0100     0.1470
      NODE   108     0.0000     0.1470
      NODE   109     0.0100     0.1460
      NODE   110     0.0000     0.1460
      NODE   111     0.0100     0.1450
      NODE   112     0.0000     0.1450
      NODE   113     0.0100     0.1440
      NODE   114     0.0000     0.1440
      NODE   115     0.0100     0.1430
      NODE   116     0.0000     0.1430
      NODE   117     0.0100     0.1420
      NODE   118     0.0000     0.1420
      NODE   119     0.0100     0.1410
      NODE   120     0.0000     0.1410
      NODE   121     0.0100     0.1400
      NODE   122     0.0000     0.1400
      NODE   123     0.0100     0.1390
      NODE   124     0.0000     0.1390
      NODE   125     0.0100     0.1380
      NODE   126     0.0000     0.1380
      NODE   127     0.0100     0.1370
      NODE   128     0.0000     0.1370
      NODE   129     0.0100     0.1360
      NODE   130     0.0000     0.1360
      NODE   131     0.0100     0.1350
      NODE   132     0.0000     0.1350
      NODE   133     0.0100     0.1340
      NODE   134     0.0000     0.1340
      NODE   135     0.0100     0.1330
      NODE   136     0.0000     0.1330
      NODE   137     0.0100     0.1320
      NODE   138     0.0000     0.1320
      NODE   139     0.0100     0.1310
      NODE   140     0.0000     0.1310
      NODE   141     0.0100     0.1300
      NODE   142     0.0000     0.1300
      NODE   143     0.0100     0.1290
      NODE   144     0.0000     0.1290
      NODE   145     0.0100     0.1280
      NODE   146     0.0000     0.1280
      NODE   147     0.0100     0.1270
      NODE   148     0.0000     0.1270
      NODE   149     0.0100     0.1260
      NODE   150     0.0000     0.1260
      NODE   151     0.0100     0.1250
      NODE   152     0.0000     0.1250
      NODE   153     0.0100     0.1240
      NODE   154     0.0000     0.1240
      NODE   155     0.0100     0.1230
      NODE   156     0.0000     0.1230
      NODE   157     0.0100     0.1220
      NODE   158     0.0000     0.1220
      NODE   159     0.0100     0.1210
      NODE   160     0.0000     0.1210
      NODE   161     0.0100     0.1200
      NODE   162     0.0000     0.1200
      NODE   163     0.0100     0.1190
      NODE   164     0.0000     0.1190
      NODE   165     0.0100     0.1180
      NODE   166     0.0000     0.1180
      NODE   167     0.0100     0.1170
      NODE   168     0.0000     0.1170
      NODE   169     0.0100     0.1160
      NODE   170     0.0000     0.1160
      NODE   171     0.0100     0.1150
      NODE   172     0.0000     0.1150
      NODE   173     0.0100     0.1140
      NODE   174     0.0000     0.1140
      NODE   175     0.0100     0.1130
      NODE   176     0.0000     0.1130
      NODE   177     0.0100     0.1120
      NODE   178     0.0000     0.1120
      NODE   179     0.0100     0.1110
      NODE   180     0.0000     0.1110
      NODE   181     0.0100     0.1100
      NODE   182     0.0000     0.1100
      NODE   183     0.0100     0.1090
      NODE   184     0.0000     0.1090
      NODE   185     0.0100     0.1080
      NODE   186     0.0000     0.1080
      NODE   187     0.0100     0.1070
      NODE   188     0.0000     0.1070
      NODE   189     0.0100     0.1060
      NODE   190     0.0000     0.1060
      NODE   191     0.0100     0.1050
      NODE   192     0.0000     0.1050
      NODE   193     0.0100     0.1040
      NODE   194     0.0000     0.1040
      NODE   195     0.0100     0.1030
      NODE   196     0.0000     0.1030
      NODE   197     0.0100     0.1020
      NODE   198     0.0000     0.1020
      NODE   199     0.0100     0.1010
      NODE   200     0.0000     0.1010
      NODE   201     0.0100     0.1000
      NODE   202     0.0000     0.1000
      NODE   203     0.0100     0.0990
      NODE   204     0.0000     0.0990
      NODE   205     0.0100     0.0980
      NODE   206     0.0000     0.0980
      NODE   207     0.0100     0.0970
      NODE   208     0.0000     0.0970
      NODE   209     0.0100     0.0960
      NODE   210     0.0000     0.0960
      NODE   211     0.0100     0.0950
      NODE   212     0.0000     0.0950
      NODE   213     0.0100     0.0940
      NODE   214     0.0000     0.0940
      NODE   215     0.0100     0.0930
      NODE   216     0.0000     0.0930
      NODE   217     0.0100     0.0920
      NODE   218     0.0000     0.0920
      NODE   219     0.0100     0.0910
      NODE   220     0.0000     0.0910
      NODE   221     0.0100     0.0900
      NODE   222     0.0000     0.0900
      NODE   223     0.0100     0.0890
      NODE   224     0.0000     0.0890
      NODE   225     0.0100     0.0880
      NODE   226     0.0000     0.0880
      NODE   227     0.0100     0.0870
      NODE   228     0.0000     0.0870
      NODE   229     0.0100     0.0860
      NODE   230     0.0000     0.0860
      NODE   231     0.0100     0.0850
      NODE   232     0.0000     0.0850
      NODE   233     0.0100     0.0840
      NODE   234     0.0000     0.0840
      NODE   235     0.0100     0.0830
      NODE   236     0.0000     0.0830
      NODE   237     0.0100     0.0820
      NODE   238     0.0000     0.0820
      NODE   239     0.0100     0.0810
      NODE   240     0.0000     0.0810
      NODE   241     0.0100     0.0800
      NODE   242     0.0000     0.0800
      NODE   243     0.0100     0.0790
      NODE   244     0.0000     0.0790
      NODE   245     0.0100     0.0780
      NODE   246     0.0000     0.0780
      NODE   247     0.0100     0.0770
      NODE   248     0.0000     0.0770
      NODE   249     0.0100     0.0760
      NODE   250     0.0000     0.0760
      NODE   251     0.0100     0.0750
      NODE   252     0.0000     0.0750
      NODE   253     0.0100     0.0740
      NODE   254     0.0000     0.0740
      NODE   255     0.0100     0.0730
      NODE   256     0.0000     0.0730
      NODE   257     0.0100     0.0720
      NODE   258     0.0000     0.0720
      NODE   259     0.0100     0.0710
      NODE   260     0.0000     0.0710
      NODE   261     0.0100     0.0700
      NODE   262     0.0000     0.0700
      NODE   263     0.0100     0.0690
      NODE   264     0.0000     0.0690
      NODE   265     0.0100     0.0680
      NODE   266     0.0000     0.0680
      NODE   267     0.0100     0.0670
      NODE   268     0.0000     0.0670
      NODE   269     0.0100     0.0660
      NODE   270     0.0000     0.0660
      NODE   271     0.0100     0.0650
      NODE   272     0.0000     0.0650
      NODE   273     0.0100     0.0640
      NODE   274     0.0000     0.0640
      NODE   275     0.0100     0.0630
      NODE   276     0.0000     0.0630
      NODE   277     0.0100     0.0620
      NODE   278     0.0000     0.0620
      NODE   279     0.0100     0.0610
      NODE   280     0.0000     0.0610
      NODE   281     0.0100     0.0600
      NODE   282     0.0000     0.0600
      NODE   283     0.0100     0.0590
      NODE   284     0.0000     0.0590
      NODE   285     0.0100     0.0580
      NODE   286     0.0000     0.0580
      NODE   287     0.0100     0.0570
      NODE   288     0.0000     0.0570
      NODE   289     0.0100     0.0560
      NODE   290     0.0000     0.0560
      NODE   291     0.0100     0.0550
      NODE   292     0.0000     0.0550
      NODE   293     0.0100     0.0540
      NODE   294     0.0000     0.0540
      NODE   295     0.0100     0.0530
      NODE   296     0.0000     0.0530
      NODE   297     0.0100     0.0520
      NODE   298     0.0000     0.0520
      NODE   299     0.0100     0.0510
      NODE   300     0.0000     0.0510
      NODE   301     0.0100     0.0500
      NODE   302     0.0000     0.0500
      NODE   303     0.0100     0.0490
      NODE   304     0.0000     0.0490
      NODE   305     0.0100     0.0480
      NODE   306     0.0000     0.0480
      NODE   307     0.0100     0.0470
      NODE   308     0.0000     0.0470
      NODE   309     0.0100     0.0460
      NODE   310     0.0000     0.0460
      NODE   311     0.0100     0.0450
      NODE   312     0.0000     0.0450
      NODE   313     0.0100     0.0440
      NODE   314     0.0000     0.0440
      NODE   315     0.0100     0.0430
      NODE   316     0.0000     0.0430
      NODE   317     0.0100     0.0420
      NODE   318     0.0000     0.0420
      NODE   319     0.0100     0.0410
      NODE   320     0.0000     0.0410
      NODE   321     0.0100     0.0400
      NODE   322     0.0000     0.0400
      NODE   323     0.0100     0.0390
      NODE   324     0.0000     0.0390
      NODE   325     0.0100     0.0380
      NODE   326     0.0000     0.0380
      NODE   327     0.0100     0.0370
      NODE   328     0.0000     0.0370
      NODE   329     0.0100     0.0360
      NODE   330     0.0000     0.0360
      NODE   331     0.0100     0.0350
      NODE   332     0.0000     0.0350
      NODE   333     0.0100     0.0340
      NODE   334     0.0000     0.0340
      NODE   335     0.0100     0.0330
      NODE   336     0.0000     0.0330
      NODE   337     0.0100     0.0320
      NODE   338     0.0000     0.0320
      NODE   339     0.0100     0.0310
      NODE   340     0.0000     0.0310
      NODE   341     0.0100     0.0300
      NODE   342     0.0000     0.0300
      NODE   343     0.0100     0.0290
      NODE   344     0.0000     0.0290
      NODE   345     0.0100     0.0280
      NODE   346     0.0000     0.0280
      NODE   347     0.0100     0.0270
      NODE   348     0.0000     0.0270
      NODE   349     0.0100     0.0260
      NODE   350     0.0000     0.0260
      NODE   351     0.0100     0.0250
      NODE   352     0.0000     0.0250
      NODE   353     0.0100     0.0240
      NODE   354     0.0000     0.0240
      NODE   355     0.0100     0.0230
      NODE   356     0.0000     0.0230
      NODE   357     0.0100     0.0220
      NODE   358     0.0000     0.0220
      NODE   359     0.0100     0.0210
      NODE   360     0.0000     0.0210
      NODE   361     0.0100     0.0200
      NODE   362     0.0000     0.0200
      NODE   363     0.0100     0.0190
      NODE   364     0.0000     0.0190
      NODE   365     0.0100     0.0180
      NODE   366     0.0000     0.0180
      NODE   367     0.0100     0.0170
      NODE   368     0.0000     0.0170
      NODE   369     0.0100     0.0160
      NODE   370     0.0000     0.0160
      NODE   371     0.0100     0.0150
      NODE   372     0.0000     0.0150
      NODE   373     0.0100     0.0140
      NODE   374     0.0000     0.0140
      NODE   375     0.0100     0.0130
      NODE   376     0.0000     0.0130
      NODE   377     0.0100     0.0120
      NODE   378     0.0000     0.0120
      NODE   379     0.0100     0.0110
      NODE   380     0.0000     0.0110
      NODE   381     0.0100     0.0100
      NODE   382     0.0000     0.0100
      NODE   383     0.0100     0.0090
      NODE   384     0.0000     0.0090
      NODE   385     0.0100     0.0080
      NODE   386     0.0000     0.0080
      NODE   387     0.0100     0.0070
      NODE   388     0.0000     0.0070
      NODE   389     0.0100     0.0060
      NODE   390     0.0000     0.0060
      NODE   391     0.0100     0.0050
      NODE   392     0.0000     0.0050
      NODE   393     0.0100     0.0040
      NODE   394     0.0000     0.0040
      NODE   395     0.0100     0.0030
      NODE   396     0.0000     0.0030
      NODE   397     0.0100     0.0020
      NODE   398     0.0000     0.0020
      NODE   399     0.0100     0.0010
      NODE   400     0.0000     0.0010
      NODE   401     0.0100     0.0000
      NODE   402     0.0000     0.0000
  NODELINE          0.0000     0.0000
     YC_ZC          0.0000     0.0000
 FIXATIONS
   END_FIX
NODOFSOLID
      ELEM       1     402   400   399   401       1     0.
      ELEM       2     400   398   397   399       1     0.
      ELEM       3     398   396   395   397       1     0.
      ELEM       4     396   394   393   395       1     0.
      ELEM       5     394   392   391   393       1     0.
      ELEM       6     392   390   389   391       1     0.
      ELEM       7     390   388   387   389       1     0.
      ELEM       8     388   386   385   387       1     0.
      ELEM       9     386   384   383   385       1     0.
      ELEM      10     384   382   381   383       1     0.
      ELEM      11     382   380   379   381       1     0.
      ELEM      12     380   378   377   379       1     0.
      ELEM      13     378   376   375   377       1     0.
      ELEM      14     376   374   373   375       1     0.
      ELEM      15     374   372   371   373       1     0.
      ELEM      16     372   370   369   371       1     0.
      ELEM      17     370   368   367   369       1     0.
      ELEM      18     368   366   365   367       1     0.
      ELEM      19     366   364   363   365       1     0.
      ELEM      20     364   362   361   363       1     0.
      ELEM      21     362   360   359   361       1     0.
      ELEM      22     360   358   357   359       1     0.
      ELEM      23     358   356   355   357       1     0.
      ELEM      24     356   354   353   355       1     0.
      ELEM      25     354   352   351   353       1     0.
      ELEM      26     352   350   349   351       1     0.
      ELEM      27     350   348   347   349       1     0.
      ELEM      28     348   346   345   347       1     0.
      ELEM      29     346   344   343   345       1     0.
      ELEM      30     344   342   341   343       1     0.
      ELEM      31     342   340   339   341       1     0.
      ELEM      32     340   338   337   339       1     0.
      ELEM      33     338   336   335   337       1     0.
      ELEM      34     336   334   333   335       1     0.
      ELEM      35     334   332   331   333       1     0.
      ELEM      36     332   330   329   331       1     0.
      ELEM      37     330   328   327   329       1     0.
      ELEM      38     328   326   325   327       1     0.
      ELEM      39     326   324   323   325       1     0.
      ELEM      40     324   322   321   323       1     0.
      ELEM      41     322   320   319   321       1     0.
      ELEM      42     320   318   317   319       1     0.
      ELEM      43     318   316   315   317       1     0.
      ELEM      44     316   314   313   315       1     0.
      ELEM      45     314   312   311   313       1     0.
      ELEM      46     312   310   309   311       1     0.
      ELEM      47     310   308   307   309       1     0.
      ELEM      48     308   306   305   307       1     0.
      ELEM      49     306   304   303   305       1     0.
      ELEM      50     304   302   301   303       1     0.
      ELEM      51     302   300   299   301       1     0.
      ELEM      52     300   298   297   299       1     0.
      ELEM      53     298   296   295   297       1     0.
      ELEM      54     296   294   293   295       1     0.
      ELEM      55     294   292   291   293       1     0.
      ELEM      56     292   290   289   291       1     0.
      ELEM      57     290   288   287   289       1     0.
      ELEM      58     288   286   285   287       1     0.
      ELEM      59     286   284   283   285       1     0.
      ELEM      60     284   282   281   283       1     0.
      ELEM      61     282   280   279   281       1     0.
      ELEM      62     280   278   277   279       1     0.
      ELEM      63     278   276   275   277       1     0.
      ELEM      64     276   274   273   275       1     0.
      ELEM      65     274   272   271   273       1     0.
      ELEM      66     272   270   269   271       1     0.
      ELEM      67     270   268   267   269       1     0.
      ELEM      68     268   266   265   267       1     0.
      ELEM      69     266   264   263   265       1     0.
      ELEM      70     264   262   261   263       1     0.
      ELEM      71     262   260   259   261       1     0.
      ELEM      72     260   258   257   259       1     0.
      ELEM      73     258   256   255   257       1     0.
      ELEM      74     256   254   253   255       1     0.
      ELEM      75     254   252   251   253       1     0.
      ELEM      76     252   250   249   251       1     0.
      ELEM      77     250   248   247   249       1     0.
      ELEM      78     248   246   245   247       1     0.
      ELEM      79     246   244   243   245       1     0.
      ELEM      80     244   242   241   243       1     0.
      ELEM      81     242   240   239   241       1     0.
      ELEM      82     240   238   237   239       1     0.
      ELEM      83     238   236   235   237       1     0.
      ELEM      84     236   234   233   235       1     0.
      ELEM      85     234   232   231   233       1     0.
      ELEM      86     232   230   229   231       1     0.
      ELEM      87     230   228   227   229       1     0.
      ELEM      88     228   226   225   227       1     0.
      ELEM      89     226   224   223   225       1     0.
      ELEM      90     224   222   221   223       1     0.
      ELEM      91     222   220   219   221       1     0.
      ELEM      92     220   218   217   219       1     0.
      ELEM      93     218   216   215   217       1     0.
      ELEM      94     216   214   213   215       1     0.
      ELEM      95     214   212   211   213       1     0.
      ELEM      96     212   210   209   211       1     0.
      ELEM      97     210   208   207   209       1     0.
      ELEM      98     208   206   205   207       1     0.
      ELEM      99     206   204   203   205       1     0.
      ELEM     100     204   202   201   203       1     0.
      ELEM     101     202   200   199   201       1     0.
      ELEM     102     200   198   197   199       1     0.
      ELEM     103     198   196   195   197       1     0.
      ELEM     104     196   194   193   195       1     0.
      ELEM     105     194   192   191   193       1     0.
      ELEM     106     192   190   189   191       1     0.
      ELEM     107     190   188   187   189       1     0.
      ELEM     108     188   186   185   187       1     0.
      ELEM     109     186   184   183   185       1     0.
      ELEM     110     184   182   181   183       1     0.
      ELEM     111     182   180   179   181       1     0.
      ELEM     112     180   178   177   179       1     0.
      ELEM     113     178   176   175   177       1     0.
      ELEM     114     176   174   173   175       1     0.
      ELEM     115     174   172   171   173       1     0.
      ELEM     116     172   170   169   171       1     0.
      ELEM     117     170   168   167   169       1     0.
      ELEM     118     168   166   165   167       1     0.
      ELEM     119     166   164   163   165       1     0.
      ELEM     120     164   162   161   163       1     0.
      ELEM     121     162   160   159   161       1     0.
      ELEM     122     160   158   157   159       1     0.
      ELEM     123     158   156   155   157       1     0.
      ELEM     124     156   154   153   155       1     0.
      ELEM     125     154   152   151   153       1     0.
      ELEM     126     152   150   149   151       1     0.
      ELEM     127     150   148   147   149       1     0.
      ELEM     128     148   146   145   147       1     0.
      ELEM     129     146   144   143   145       1     0.
      ELEM     130     144   142   141   143       1     0.
      ELEM     131     142   140   139   141       1     0.
      ELEM     132     140   138   137   139       1     0.
      ELEM     133     138   136   135   137       1     0.
      ELEM     134     136   134   133   135       1     0.
      ELEM     135     134   132   131   133       1     0.
      ELEM     136     132   130   129   131       1     0.
      ELEM     137     130   128   127   129       1     0.
      ELEM     138     128   126   125   127       1     0.
      ELEM     139     126   124   123   125       1     0.
      ELEM     140     124   122   121   123       1     0.
      ELEM     141     122   120   119   121       1     0.
      ELEM     142     120   118   117   119       1     0.
      ELEM     143     118   116   115   117       1     0.
      ELEM     144     116   114   113   115       1     0.
      ELEM     145     114   112   111   113       1     0.
      ELEM     146     112   110   109   111       1     0.
      ELEM     147     110   108   107   109       1     0.
      ELEM     148     108   106   105   107       1     0.
      ELEM     149     106   104   103   105       1     0.
      ELEM     150     104   102   100   103       1     0.
      ELEM     151     102   101    98   100       1     0.
      ELEM     152     101    99    96    98       1     0.
      ELEM     153      99    97    94    96       1     0.
      ELEM     154      97    95    92    94       1     0.
      ELEM     155      95    93    90    92       1     0.
      ELEM     156      93    91    88    90       1     0.
      ELEM     157      91    89    86    88       1     0.
      ELEM     158      89    87    84    86       1     0.
      ELEM     159      87    85    82    84       1     0.
      ELEM     160      85    83    80    82       1     0.
      ELEM     161      83    81    78    80       1     0.
      ELEM     162      81    79    76    78       1     0.
      ELEM     163      79    77    74    76       1     0.
      ELEM     164      77    75    72    74       1     0.
      ELEM     165      75    73    70    72       1     0.
      ELEM     166      73    71    68    70       1     0.
      ELEM     167      71    69    66    68       1     0.
      ELEM     168      69    67    64    66       1     0.
      ELEM     169      67    65    62    64       1     0.
      ELEM     170      65    63    60    62       1     0.
      ELEM     171      63    61    58    60       1     0.
      ELEM     172      61    59    56    58       1     0.
      ELEM     173      59    57    54    56       1     0.
      ELEM     174      57    55    51    54       1     0.
      ELEM     175      55    53    49    51       1     0.
      ELEM     176      53    52    47    49       1     0.
      ELEM     177      52    50    45    47       1     0.
      ELEM     178      50    48    43    45       1     0.
      ELEM     179      48    46    41    43       1     0.
      ELEM     180      46    44    39    41       1     0.
      ELEM     181      44    42    37    39       1     0.
      ELEM     182      42    40    34    37       1     0.
      ELEM     183      40    38    32    34       1     0.
      ELEM     184      38    36    30    32       1     0.
      ELEM     185      36    35    28    30       1     0.
      ELEM     186      35    33    25    28       1     0.
      ELEM     187      33    31    23    25       1     0.
      ELEM     188      31    29    20    23       1     0.
      ELEM     189      29    27    17    20       1     0.
      ELEM     190      27    26    12    17       1     0.
      ELEM     191      26    24    10    12       1     0.
      ELEM     192      24    22     9    10       1     0.
      ELEM     193      22    21     8     9       1     0.
      ELEM     194      21    19     7     8       1     0.
      ELEM     195      19    18     6     7       1     0.
      ELEM     196      18    16     5     6       1     0.
      ELEM     197      16    15     4     5       1     0.
      ELEM     198      15    14     3     4       1     0.
      ELEM     199      14    13     2     3       1     0.
      ELEM     200      13    11     1     2       1     0.
  FRONTIER
   F     1 NO NO NO F20
FLUX 1 NO NO NO {fn_bc}
 END_FRONT
  SYMMETRY
   END_SYM
 PRECISION     1.E-3
 MATERIALS
{materials}
      TIME
        {t_step}       {t_end}
  END_TIME
IMPRESSION
 TIMEPRINT
        {t_step}       {t_end}
END_TIMEPR
