InputFile created with GiD-SAFIR_2016 Interface
Safir_Thermal_Analysis
Mesh_from_GID-Mesher

     NNODE   202
      NDIM    2
   NDOFMAX    1
       FROM    1   TO   202 STEP    1 NDDL    1
   END_NDDL
    NCORES           1
  TEMPERAT
      TETA        0.9
  TINITIAL       20.0
MAKE.TEM
 NORENUM
      NMAT 1
  ELEMENTS
     SOLID   100
        NG    2
     NVOID     0
  END_ELEM
     NODES
      NODE     1     0.2000     0.1000
      NODE     2     0.1980     0.1000
      NODE     3     0.1960     0.1000
      NODE     4     0.1940     0.1000
      NODE     5     0.1920     0.1000
      NODE     6     0.1900     0.1000
      NODE     7     0.1880     0.1000
      NODE     8     0.1860     0.1000
      NODE     9     0.1840     0.1000
      NODE    10     0.1820     0.1000
      NODE    11     0.1800     0.1000
      NODE    12     0.1780     0.1000
      NODE    13     0.1760     0.1000
      NODE    14     0.1740     0.1000
      NODE    15     0.1720     0.1000
      NODE    16     0.1700     0.1000
      NODE    17     0.1680     0.1000
      NODE    18     0.1660     0.1000
      NODE    19     0.1640     0.1000
      NODE    20     0.1620     0.1000
      NODE    21     0.1600     0.1000
      NODE    22     0.1580     0.1000
      NODE    23     0.1560     0.1000
      NODE    24     0.1540     0.1000
      NODE    25     0.1520     0.1000
      NODE    26     0.1500     0.1000
      NODE    27     0.1480     0.1000
      NODE    28     0.1460     0.1000
      NODE    29     0.1440     0.1000
      NODE    30     0.1420     0.1000
      NODE    31     0.1400     0.1000
      NODE    32     0.1380     0.1000
      NODE    33     0.1360     0.1000
      NODE    34     0.1340     0.1000
      NODE    35     0.1320     0.1000
      NODE    36     0.1300     0.1000
      NODE    37     0.1280     0.1000
      NODE    38     0.1260     0.1000
      NODE    39     0.1240     0.1000
      NODE    40     0.1220     0.1000
      NODE    41     0.1200     0.1000
      NODE    42     0.1180     0.1000
      NODE    43     0.1160     0.1000
      NODE    44     0.1140     0.1000
      NODE    45     0.1120     0.1000
      NODE    46     0.1100     0.1000
      NODE    47     0.1080     0.1000
      NODE    48     0.1060     0.1000
      NODE    49     0.1040     0.1000
      NODE    50     0.1020     0.1000
      NODE    51     0.1000     0.1000
      NODE    52     0.2000     0.0000
      NODE    53     0.1980     0.0000
      NODE    54     0.1960     0.0000
      NODE    55     0.1940     0.0000
      NODE    56     0.1920     0.0000
      NODE    57     0.1900     0.0000
      NODE    58     0.1880     0.0000
      NODE    59     0.1860     0.0000
      NODE    60     0.1840     0.0000
      NODE    61     0.1820     0.0000
      NODE    62     0.1800     0.0000
      NODE    63     0.0980     0.1000
      NODE    64     0.1780     0.0000
      NODE    65     0.1760     0.0000
      NODE    66     0.1740     0.0000
      NODE    67     0.1720     0.0000
      NODE    68     0.0960     0.1000
      NODE    69     0.1700     0.0000
      NODE    70     0.1680     0.0000
      NODE    71     0.1660     0.0000
      NODE    72     0.0940     0.1000
      NODE    73     0.1640     0.0000
      NODE    74     0.1620     0.0000
      NODE    75     0.1600     0.0000
      NODE    76     0.0920     0.1000
      NODE    77     0.1580     0.0000
      NODE    78     0.1560     0.0000
      NODE    79     0.0900     0.1000
      NODE    80     0.1540     0.0000
      NODE    81     0.1520     0.0000
      NODE    82     0.1500     0.0000
      NODE    83     0.0880     0.1000
      NODE    84     0.1480     0.0000
      NODE    85     0.1460     0.0000
      NODE    86     0.0860     0.1000
      NODE    87     0.1440     0.0000
      NODE    88     0.1420     0.0000
      NODE    89     0.0840     0.1000
      NODE    90     0.1400     0.0000
      NODE    91     0.1380     0.0000
      NODE    92     0.0820     0.1000
      NODE    93     0.1360     0.0000
      NODE    94     0.1340     0.0000
      NODE    95     0.0800     0.1000
      NODE    96     0.1320     0.0000
      NODE    97     0.0780     0.1000
      NODE    98     0.1300     0.0000
      NODE    99     0.1280     0.0000
      NODE   100     0.0760     0.1000
      NODE   101     0.1260     0.0000
      NODE   102     0.1240     0.0000
      NODE   103     0.0740     0.1000
      NODE   104     0.1220     0.0000
      NODE   105     0.0720     0.1000
      NODE   106     0.1200     0.0000
      NODE   107     0.1180     0.0000
      NODE   108     0.0700     0.1000
      NODE   109     0.1160     0.0000
      NODE   110     0.1140     0.0000
      NODE   111     0.0680     0.1000
      NODE   112     0.1120     0.0000
      NODE   113     0.0660     0.1000
      NODE   114     0.1100     0.0000
      NODE   115     0.1080     0.0000
      NODE   116     0.0640     0.1000
      NODE   117     0.1060     0.0000
      NODE   118     0.0620     0.1000
      NODE   119     0.1040     0.0000
      NODE   120     0.0600     0.1000
      NODE   121     0.1020     0.0000
      NODE   122     0.1000     0.0000
      NODE   123     0.0580     0.1000
      NODE   124     0.0980     0.0000
      NODE   125     0.0560     0.1000
      NODE   126     0.0960     0.0000
      NODE   127     0.0940     0.0000
      NODE   128     0.0540     0.1000
      NODE   129     0.0920     0.0000
      NODE   130     0.0520     0.1000
      NODE   131     0.0900     0.0000
      NODE   132     0.0500     0.1000
      NODE   133     0.0880     0.0000
      NODE   134     0.0860     0.0000
      NODE   135     0.0480     0.1000
      NODE   136     0.0840     0.0000
      NODE   137     0.0460     0.1000
      NODE   138     0.0820     0.0000
      NODE   139     0.0440     0.1000
      NODE   140     0.0800     0.0000
      NODE   141     0.0780     0.0000
      NODE   142     0.0420     0.1000
      NODE   143     0.0760     0.0000
      NODE   144     0.0400     0.1000
      NODE   145     0.0740     0.0000
      NODE   146     0.0380     0.1000
      NODE   147     0.0720     0.0000
      NODE   148     0.0360     0.1000
      NODE   149     0.0700     0.0000
      NODE   150     0.0680     0.0000
      NODE   151     0.0340     0.1000
      NODE   152     0.0660     0.0000
      NODE   153     0.0320     0.1000
      NODE   154     0.0640     0.0000
      NODE   155     0.0300     0.1000
      NODE   156     0.0620     0.0000
      NODE   157     0.0280     0.1000
      NODE   158     0.0600     0.0000
      NODE   159     0.0580     0.0000
      NODE   160     0.0260     0.1000
      NODE   161     0.0560     0.0000
      NODE   162     0.0240     0.1000
      NODE   163     0.0540     0.0000
      NODE   164     0.0220     0.1000
      NODE   165     0.0520     0.0000
      NODE   166     0.0200     0.1000
      NODE   167     0.0500     0.0000
      NODE   168     0.0480     0.0000
      NODE   169     0.0180     0.1000
      NODE   170     0.0460     0.0000
      NODE   171     0.0160     0.1000
      NODE   172     0.0440     0.0000
      NODE   173     0.0140     0.1000
      NODE   174     0.0420     0.0000
      NODE   175     0.0120     0.1000
      NODE   176     0.0400     0.0000
      NODE   177     0.0100     0.1000
      NODE   178     0.0380     0.0000
      NODE   179     0.0080     0.1000
      NODE   180     0.0360     0.0000
      NODE   181     0.0340     0.0000
      NODE   182     0.0060     0.1000
      NODE   183     0.0320     0.0000
      NODE   184     0.0040     0.1000
      NODE   185     0.0300     0.0000
      NODE   186     0.0020     0.1000
      NODE   187     0.0280     0.0000
      NODE   188     0.0000     0.1000
      NODE   189     0.0260     0.0000
      NODE   190     0.0240     0.0000
      NODE   191     0.0220     0.0000
      NODE   192     0.0200     0.0000
      NODE   193     0.0180     0.0000
      NODE   194     0.0160     0.0000
      NODE   195     0.0140     0.0000
      NODE   196     0.0120     0.0000
      NODE   197     0.0100     0.0000
      NODE   198     0.0080     0.0000
      NODE   199     0.0060     0.0000
      NODE   200     0.0040     0.0000
      NODE   201     0.0020     0.0000
      NODE   202     0.0000     0.0000
  NODELINE          0.0000     0.0000
     YC_ZC          0.0000     0.0000
 FIXATIONS
   END_FIX
NODOFSOLID
      ELEM       1     188   186   201   202       1     0.
      ELEM       2     186   184   200   201       1     0.
      ELEM       3     184   182   199   200       1     0.
      ELEM       4     182   179   198   199       1     0.
      ELEM       5     179   177   197   198       1     0.
      ELEM       6     177   175   196   197       1     0.
      ELEM       7     175   173   195   196       1     0.
      ELEM       8     173   171   194   195       1     0.
      ELEM       9     171   169   193   194       1     0.
      ELEM      10     169   166   192   193       1     0.
      ELEM      11     166   164   191   192       1     0.
      ELEM      12     164   162   190   191       1     0.
      ELEM      13     162   160   189   190       1     0.
      ELEM      14     160   157   187   189       1     0.
      ELEM      15     157   155   185   187       1     0.
      ELEM      16     155   153   183   185       1     0.
      ELEM      17     153   151   181   183       1     0.
      ELEM      18     151   148   180   181       1     0.
      ELEM      19     148   146   178   180       1     0.
      ELEM      20     146   144   176   178       1     0.
      ELEM      21     144   142   174   176       1     0.
      ELEM      22     142   139   172   174       1     0.
      ELEM      23     139   137   170   172       1     0.
      ELEM      24     137   135   168   170       1     0.
      ELEM      25     135   132   167   168       1     0.
      ELEM      26     132   130   165   167       1     0.
      ELEM      27     130   128   163   165       1     0.
      ELEM      28     128   125   161   163       1     0.
      ELEM      29     125   123   159   161       1     0.
      ELEM      30     123   120   158   159       1     0.
      ELEM      31     120   118   156   158       1     0.
      ELEM      32     118   116   154   156       1     0.
      ELEM      33     116   113   152   154       1     0.
      ELEM      34     113   111   150   152       1     0.
      ELEM      35     111   108   149   150       1     0.
      ELEM      36     108   105   147   149       1     0.
      ELEM      37     105   103   145   147       1     0.
      ELEM      38     103   100   143   145       1     0.
      ELEM      39     100    97   141   143       1     0.
      ELEM      40      97    95   140   141       1     0.
      ELEM      41      95    92   138   140       1     0.
      ELEM      42      92    89   136   138       1     0.
      ELEM      43      89    86   134   136       1     0.
      ELEM      44      86    83   133   134       1     0.
      ELEM      45      83    79   131   133       1     0.
      ELEM      46      79    76   129   131       1     0.
      ELEM      47      76    72   127   129       1     0.
      ELEM      48      72    68   126   127       1     0.
      ELEM      49      68    63   124   126       1     0.
      ELEM      50      63    51   122   124       1     0.
      ELEM      51      51    50   121   122       1     0.
      ELEM      52      50    49   119   121       1     0.
      ELEM      53      49    48   117   119       1     0.
      ELEM      54      48    47   115   117       1     0.
      ELEM      55      47    46   114   115       1     0.
      ELEM      56      46    45   112   114       1     0.
      ELEM      57      45    44   110   112       1     0.
      ELEM      58      44    43   109   110       1     0.
      ELEM      59      43    42   107   109       1     0.
      ELEM      60      42    41   106   107       1     0.
      ELEM      61      41    40   104   106       1     0.
      ELEM      62      40    39   102   104       1     0.
      ELEM      63      39    38   101   102       1     0.
      ELEM      64      38    37    99   101       1     0.
      ELEM      65      37    36    98    99       1     0.
      ELEM      66      36    35    96    98       1     0.
      ELEM      67      35    34    94    96       1     0.
      ELEM      68      34    33    93    94       1     0.
      ELEM      69      33    32    91    93       1     0.
      ELEM      70      32    31    90    91       1     0.
      ELEM      71      31    30    88    90       1     0.
      ELEM      72      30    29    87    88       1     0.
      ELEM      73      29    28    85    87       1     0.
      ELEM      74      28    27    84    85       1     0.
      ELEM      75      27    26    82    84       1     0.
      ELEM      76      26    25    81    82       1     0.
      ELEM      77      25    24    80    81       1     0.
      ELEM      78      24    23    78    80       1     0.
      ELEM      79      23    22    77    78       1     0.
      ELEM      80      22    21    75    77       1     0.
      ELEM      81      21    20    74    75       1     0.
      ELEM      82      20    19    73    74       1     0.
      ELEM      83      19    18    71    73       1     0.
      ELEM      84      18    17    70    71       1     0.
      ELEM      85      17    16    69    70       1     0.
      ELEM      86      16    15    67    69       1     0.
      ELEM      87      15    14    66    67       1     0.
      ELEM      88      14    13    65    66       1     0.
      ELEM      89      13    12    64    65       1     0.
      ELEM      90      12    11    62    64       1     0.
      ELEM      91      11    10    61    62       1     0.
      ELEM      92      10     9    60    61       1     0.
      ELEM      93       9     8    59    60       1     0.
      ELEM      94       8     7    58    59       1     0.
      ELEM      95       7     6    57    58       1     0.
      ELEM      96       6     5    56    57       1     0.
      ELEM      97       5     4    55    56       1     0.
      ELEM      98       4     3    54    55       1     0.
      ELEM      99       3     2    53    54       1     0.
      ELEM     100       2     1    52    53       1     0.
  FRONTIER
   F     1 NO NO NO F20
   F   100 NO F20 NO NO
FLUX 1 NO NO NO FISO
 END_FRONT
  SYMMETRY
   END_SYM
 PRECISION     1.E-3
 MATERIALS
WOODEC5 
          450. 12 25 9 0.8 1.2 0.0 0.0 1.0
      TIME
         1       1800
  END_TIME
IMPRESSION
 TIMEPRINT 
         10       1800
END_TIMEPR
